72
0 4 56 57 180
0 195 56 287 333
1 2 45 39 160
1 215 54 287 322
2 3 99 63 385
2 36 85 89 264
2 255 100 323 386
3 132 64 199 348
3 318 104 347 191
3 396 73 489 376
3 446 58 519 250
4 42 172 94 357
4 0 179 47 378
4 266 145 345 435
5 281 85 364 370
6 191 64 270 350
6 359 49 421 321
7 424 193 509 470
8 275 89 363 362
8 326 77 394 283
9 23 16 107 296
10 28 130 99 375
10 218 114 304 425
11 0 151 56 446
11 114 168 193 436
11 413 163 491 443
12 246 81 316 360
13 60 77 135 387
13 193 91 271 361
14 462 164 549 436
15 141 32 245 324
16 83 33 188 325
17 165 91 241 391
17 243 130 303 359
17 274 115 339 346
17 724 139 795 349
17 823 117 904 380
18 301 52 389 342
19 132 126 195 312
19 234 125 310 398
20 102 130 174 413
20 287 108 352 325
20 368 112 430 332
20 486 118 518 194
21 155 177 274 534
22 163 87 244 462
22 289 103 348 285
22 350 89 407 276
22 34 119 74 218
22 422 122 453 191
23 45 43 127 326
23 162 27 249 328
23 276 37 364 319
24 202 136 291 414
24 298 126 366 421
24 407 140 482 424
25 420 78 514 397
25 334 85 420 393
25 187 66 260 340
25 153 70 205 320
26 177 21 255 315
26 293 35 379 319
27 23 34 103 318
27 128 34 185 143
27 309 47 336 109
27 168 44 250 327
27 211 24 276 153
28 147 94 246 395
28 312 106 394 388
28 405 105 489 400
29 39 80 131 381
29 157 82 226 380
29 241 85 316 387
29 341 82 418 352
29 7 56 61 178
30 70 77 170 371
31 253 61 328 361
32 229 65 315 359
33 291 71 366 357
34 136 40 219 328
34 254 34 349 346
35 48 45 141 336
36 56 66 157 361
36 181 53 299 352
37 36 47 127 355
37 182 62 267 347
38 78 69 175 355
38 200 22 270 198
38 272 68 349 329
38 398 38 479 340
38 513 71 610 313
39 266 75 361 299
39 386 31 493 338
39 70 35 167 296
39 600 78 703 357
39 505 81 587 325
40 108 84 200 361
40 215 85 259 198
40 270 101 359 357
40 395 88 484 354
41 172 99 268 403
41 324 94 424 374
41 726 84 830 361
42 74 43 160 358
42 235 102 321 361
42 474 71 568 364
43 69 36 153 319
43 183 69 253 291
44 114 35 194 309
44 194 161 259 299
45 258 35 343 320
46 88 67 191 368
46 215 61 312 342
46 335 74 410 345
46 425 56 482 213
46 524 44 637 347
47 24 56 99 310
47 334 19 413 312
47 416 58 448 123
48 77 135 165 423
48 183 179 273 480
48 285 176 338 317
48 400 154 491 400
48 529 156 613 404
49 33 28 126 327
49 173 33 255 326
50 33 17 127 309
50 240 51 278 139
51 244 32 326 307
52 34 23 104 297
53 45 76 112 358
53 88 33 158 338
53 313 36 382 317
54 82 13 153 297
55 70 20 160 346
55 297 42 382 297
55 485 22 555 304
55 564 37 613 192
55 632 16 695 297
56 110 44 187 323
56 186 42 262 342
56 323 58 404 329
57 161 44 220 295
57 209 24 277 302
57 314 34 396 316
58 244 16 320 310
59 228 30 297 318
60 81 25 152 306
61 228 24 296 321
62 81 50 162 335
62 218 34 299 333
62 328 47 405 330
63 128 22 210 306
64 48 20 122 302
64 132 27 213 313
65 97 27 186 318
65 268 34 344 322
66 30 15 120 324
67 96 17 207 310
68 85 20 155 298
68 177 10 264 304
69 97 5 173 293
70 215 43 291 335
70 327 48 412 343
71 14 43 92 321
71 117 33 190 321
