1047
20 9 245 18 299
21 9 245 18 299
22 9 247 18 305
23 9 246 21 307
24 9 246 21 314
25 9 246 21 314
26 9 246 23 314
27 9 246 25 314
28 10 246 26 314
29 10 244 28 306
30 10 244 29 306
31 9 244 30 306
32 9 247 31 306
33 10 247 33 307
34 9 245 33 305
35 9 245 36 306
36 10 245 35 306
37 9 246 37 307
38 9 246 37 307
39 10 246 38 307
40 11 243 39 304
41 10 243 39 304
42 11 244 42 300
43 10 244 41 300
44 12 244 43 300
45 11 244 42 300
46 13 244 44 300
47 14 246 45 300
48 15 246 46 300
49 16 246 47 300
50 19 246 48 300
51 19 246 48 300
52 23 245 52 300
53 25 245 54 307
54 26 245 55 318
55 28 245 57 318
56 31 244 60 318
57 32 244 61 318
58 33 245 62 319
59 36 243 64 320
60 38 243 66 320
61 39 243 67 320
62 40 243 68 320
63 43 243 71 320
64 43 245 71 319
65 45 245 73 319
66 46 245 74 319
67 48 242 76 318
68 49 242 77 318
69 51 242 79 321
70 53 242 81 321
71 53 243 81 322
72 52 243 86 319
73 52 243 86 319
74 53 243 87 319
75 54 243 88 319
76 57 243 91 319
77 59 243 93 319
78 60 243 94 319
79 65 243 94 319
80 67 243 96 319
81 68 243 97 319
82 71 243 97 319
83 73 242 99 318
84 72 242 100 318
85 74 242 102 318
86 73 242 105 318
87 75 242 107 318
88 74 243 108 319
89 76 243 110 319
90 77 243 111 319
91 78 243 112 319
92 80 245 114 321
93 80 245 114 321
94 81 243 115 319
95 82 242 116 318
96 85 242 115 318
97 87 242 117 318
98 88 242 118 318
99 90 242 120 318
100 91 242 122 318
101 91 242 122 318
102 92 242 123 318
103 92 242 125 318
104 92 242 125 318
105 92 242 125 318
106 92 242 125 318
107 92 242 125 318
108 92 243 125 319
109 92 242 125 318
110 93 242 126 318
111 93 242 126 318
112 96 242 123 318
113 95 242 122 318
114 95 242 122 318
115 97 242 124 318
116 96 242 123 318
117 97 242 124 318
118 99 242 126 318
119 100 242 127 318
120 101 242 128 318
121 102 242 129 318
122 102 242 129 318
123 103 243 130 319
124 103 242 130 318
125 103 242 131 322
126 102 242 133 322
127 103 242 134 322
128 104 242 135 322
129 105 242 136 322
130 107 242 138 322
131 107 244 138 321
132 110 244 138 321
133 112 244 140 321
134 112 245 140 322
135 113 245 141 322
136 112 244 143 321
137 112 244 143 321
138 112 245 143 322
139 112 243 145 323
140 111 243 144 323
141 112 243 145 323
142 112 245 145 325
143 112 246 145 326
144 112 246 145 326
145 112 245 145 325
146 112 247 145 325
147 112 244 145 322
148 115 244 145 322
149 116 245 146 323
150 115 245 145 323
151 117 245 147 323
152 118 245 148 323
153 118 245 148 323
154 118 245 148 323
155 119 246 149 324
156 119 246 149 324
157 121 245 151 323
158 121 245 151 323
159 122 246 152 324
160 122 245 152 325
161 123 245 154 325
162 124 247 155 327
163 123 247 156 327
164 125 247 158 327
165 126 247 161 327
166 126 247 161 327
167 129 247 164 327
168 130 248 165 328
169 130 248 165 328
170 134 248 169 328
171 134 248 169 328
172 135 248 170 328
173 136 245 173 325
174 138 245 171 328
175 138 246 171 329
176 139 246 174 329
177 141 247 176 330
178 143 247 176 330
179 143 246 176 329
180 145 246 178 329
181 148 246 178 329
182 150 246 180 329
183 152 246 179 329
184 152 246 181 329
185 154 246 184 329
186 153 246 184 329
187 154 246 188 329
188 155 246 191 329
189 155 247 191 330
190 156 248 195 329
191 158 248 194 329
192 159 248 197 329
193 160 248 198 329
194 163 248 199 329
195 167 248 201 327
196 170 248 202 327
197 172 249 204 328
198 174 245 206 326
199 176 245 208 326
200 177 245 209 326
201 177 246 209 327
202 178 246 212 327
203 179 246 213 327
204 179 246 213 327
205 181 246 215 327
206 183 246 217 327
207 183 246 217 327
208 187 247 219 328
209 188 247 220 328
210 191 247 220 328
211 192 247 221 328
212 194 243 222 328
213 194 243 222 328
214 196 244 224 329
215 198 244 226 329
216 199 244 227 329
217 198 244 226 329
218 200 246 228 328
219 201 246 229 328
220 202 246 230 328
221 202 246 230 328
222 202 248 230 330
223 203 247 231 329
224 202 247 230 329
225 203 247 231 329
226 202 247 230 329
227 203 248 231 330
228 203 246 231 332
229 204 247 232 333
230 204 247 232 333
231 203 246 231 332
232 203 247 231 333
233 203 247 231 333
234 201 247 229 333
235 201 247 229 333
236 201 247 230 333
237 200 247 229 333
238 200 247 229 333
239 199 247 229 333
240 199 246 229 332
241 200 246 232 332
242 199 248 231 334
243 199 247 232 333
244 198 247 231 333
245 199 246 232 332
246 201 246 231 332
247 200 247 230 333
248 200 247 230 333
249 201 246 231 332
250 200 246 230 332
251 202 246 232 332
252 201 245 231 331
253 202 247 231 333
254 204 247 233 333
255 203 248 233 334
256 203 246 233 333
257 205 246 235 333
258 207 246 237 333
259 205 246 235 333
260 205 246 237 333
261 206 246 238 333
262 207 246 240 333
263 205 246 240 333
264 207 246 242 333
265 207 246 242 333
266 208 248 247 334
267 208 247 247 333
268 207 250 248 334
269 209 250 250 334
270 209 250 254 334
271 210 250 255 334
272 211 251 256 332
273 210 250 258 331
274 214 251 262 332
275 217 251 262 332
276 220 251 263 332
277 223 251 264 332
278 227 251 265 332
279 231 251 266 332
280 233 251 267 332
281 232 251 268 332
282 235 249 271 332
283 233 250 271 333
284 235 250 273 333
285 236 250 275 333
286 237 250 276 333
287 239 250 278 333
288 241 250 279 333
289 242 251 280 334
290 248 250 281 336
291 249 248 283 334
292 252 248 286 334
293 252 248 286 334
294 253 247 288 333
295 254 247 289 333
296 254 247 292 333
297 254 247 294 333
298 257 247 297 333
299 256 249 296 334
300 257 249 297 334
301 260 250 300 332
302 261 251 301 333
303 266 250 302 334
304 269 250 302 334
305 272 248 305 332
306 277 248 305 332
307 278 247 308 334
308 280 247 310 334
309 282 247 312 334
310 282 246 314 333
311 282 246 317 333
312 283 246 318 333
313 283 248 320 335
314 281 246 318 333
315 284 246 321 333
316 282 246 319 333
317 284 246 321 333
318 286 246 323 333
319 287 248 320 335
320 288 246 321 333
321 289 247 322 334
322 292 246 325 333
323 294 246 324 333
324 295 248 325 335
325 298 247 328 334
326 299 247 329 334
327 300 247 330 334
328 300 247 330 334
329 301 247 334 334
330 301 247 334 334
331 302 247 337 334
332 300 247 337 334
333 301 248 340 335
334 301 251 342 335
335 304 251 345 335
336 304 251 345 335
337 305 254 346 335
338 307 254 348 335
339 308 254 349 335
340 311 254 352 335
341 317 250 352 334
342 320 250 352 336
343 321 250 353 336
344 320 250 356 336
345 322 250 358 336
346 323 250 359 337
347 324 250 360 337
348 324 251 360 340
349 324 251 360 340
350 324 250 361 339
351 325 251 362 340
352 324 251 361 340
353 325 250 362 339
354 326 251 363 340
355 326 250 363 339
356 333 250 363 339
357 334 250 364 339
358 335 250 365 340
359 335 250 365 341
360 335 249 367 340
361 336 249 368 340
362 335 249 369 340
363 336 249 372 340
364 337 249 373 340
365 337 250 374 341
366 338 250 375 341
367 339 250 376 341
368 340 250 377 341
369 341 250 378 341
370 343 250 380 341
371 349 250 382 341
372 351 250 382 341
373 354 250 385 341
374 354 250 385 341
374 569 246 594 341
375 356 249 387 340
375 568 249 593 341
376 357 249 389 340
376 566 249 591 341
377 359 251 391 342
377 567 249 592 341
378 358 248 390 342
378 566 249 591 341
379 359 248 391 342
379 565 249 590 341
380 361 248 393 342
380 566 249 591 341
381 361 250 393 343
381 562 249 590 341
382 362 250 392 343
382 557 249 588 341
383 362 250 392 343
383 557 249 585 341
384 362 250 392 343
384 554 249 585 341
385 364 250 394 343
385 553 248 584 341
386 364 249 394 342
386 546 248 585 341
387 364 249 394 342
387 543 249 582 342
388 365 249 395 342
388 533 252 584 340
389 365 248 395 341
389 530 252 581 340
390 366 249 396 342
390 524 253 584 341
391 366 249 396 342
391 525 253 585 341
392 366 250 396 343
392 525 253 581 341
393 367 250 397 343
393 526 253 578 341
394 366 250 396 343
394 526 253 574 341
395 368 250 398 343
395 523 253 567 341
396 368 252 398 343
396 522 250 566 338
397 369 251 399 342
397 518 250 556 338
398 368 251 398 342
398 519 250 550 338
399 368 251 398 342
399 515 250 543 338
400 369 251 401 342
400 514 249 541 340
401 369 249 401 340
401 508 249 542 340
402 369 250 402 341
402 506 249 542 340
403 370 248 403 339
403 498 249 540 340
404 371 248 404 339
404 493 250 542 339
405 371 250 404 339
405 488 250 539 339
406 371 251 407 340
406 488 252 539 338
407 371 251 407 338
407 486 252 539 338
408 371 250 408 337
408 484 253 537 339
409 371 250 409 337
409 483 253 536 339
410 372 250 410 337
410 484 253 531 339
411 371 251 411 338
411 484 250 526 338
412 370 251 411 338
412 481 250 522 338
413 371 251 415 338
413 480 251 515 339
414 371 251 415 338
414 479 247 510 338
415 373 251 417 338
415 474 247 505 338
416 373 253 417 337
416 474 248 502 339
417 377 253 419 337
417 470 249 501 340
418 380 253 418 337
418 468 246 501 339
419 381 253 421 339
419 459 250 501 340
420 386 253 422 337
420 455 250 500 340
421 386 253 421 338
421 451 250 499 340
422 388 250 424 336
422 449 250 500 340
423 389 252 425 338
423 448 250 499 340
424 389 252 425 338
424 447 250 498 340
425 391 252 427 338
425 444 251 495 338
426 390 252 427 338
426 447 250 492 337
427 390 251 428 337
427 446 250 488 337
428 391 252 431 338
428 446 250 483 337
429 392 252 432 338
429 442 250 479 337
430 395 252 435 338
430 438 248 475 335
431 394 252 434 338
431 437 248 468 335
432 398 252 436 338
432 436 248 465 335
433 400 251 438 337
433 436 248 462 336
434 404 251 437 337
434 434 248 462 336
435 406 252 435 335
435 432 248 460 336
436 407 252 436 335
436 423 250 462 334
437 409 252 438 334
437 424 251 461 335
438 410 252 437 334
438 423 251 460 335
439 410 253 437 335
439 421 251 460 335
440 410 253 437 335
440 420 251 459 333
441 410 254 438 336
441 417 251 459 333
442 411 254 441 336
442 416 251 456 331
443 412 254 439 336
443 414 251 454 331
444 412 252 439 336
444 412 250 452 330
445 411 252 440 336
445 412 250 449 330
446 410 251 440 335
446 411 250 443 330
447 410 251 442 335
447 411 248 441 328
448 409 249 443 337
448 409 248 441 328
449 411 249 447 337
449 408 248 441 328
450 413 249 448 337
450 407 248 431 334
451 415 251 451 336
451 406 248 430 334
452 416 251 455 335
452 404 248 429 335
453 417 251 456 335
453 398 249 429 333
454 419 253 459 336
454 395 250 426 332
455 423 253 462 335
455 396 250 427 332
456 422 254 461 336
456 396 250 427 332
457 427 254 464 336
457 398 250 425 332
458 429 254 465 336
458 400 250 424 332
459 431 254 466 336
459 400 250 424 332
460 429 252 467 337
460 401 248 423 330
461 429 252 467 337
461 400 248 422 330
462 431 252 469 337
462 399 245 421 330
463 432 252 470 337
463 399 245 421 330
464 431 252 471 337
464 396 244 423 329
465 434 253 474 338
465 396 244 423 329
466 435 253 475 338
466 396 244 423 329
467 437 254 478 337
467 396 246 423 328
468 439 254 477 337
468 394 246 423 328
469 439 256 480 338
469 394 246 422 328
470 440 256 481 337
470 395 246 423 328
471 441 256 482 337
471 395 246 423 328
472 441 256 484 337
472 395 246 423 328
473 445 257 486 338
473 397 246 423 328
474 447 256 488 337
474 397 246 423 328
475 448 256 489 337
475 395 246 423 328
476 448 256 491 337
476 396 243 422 329
477 447 257 492 338
477 394 243 422 329
478 450 257 493 338
478 392 243 422 329
479 448 256 493 338
479 392 243 423 329
480 449 256 494 338
480 392 243 423 329
481 449 250 496 342
481 388 238 426 329
482 449 256 494 338
482 392 242 423 327
483 449 257 492 337
483 391 242 422 327
484 451 257 490 337
484 390 243 423 328
485 452 257 488 337
485 391 243 423 328
486 451 257 486 337
486 391 243 423 328
487 451 255 486 337
487 390 243 422 328
488 451 255 486 337
488 390 243 422 328
489 452 255 487 337
489 389 243 423 329
490 451 253 486 339
490 389 243 423 329
491 450 253 485 339
491 389 243 423 329
492 451 253 484 339
492 390 243 422 329
493 450 253 483 339
493 390 243 422 329
494 450 252 483 338
494 391 243 423 329
495 449 252 482 338
495 390 243 422 329
496 449 253 482 339
496 390 242 422 328
497 449 252 482 338
497 390 242 423 328
498 448 252 481 338
498 391 242 422 328
499 448 253 481 339
499 391 242 422 328
500 446 253 481 339
500 389 242 421 328
501 447 253 483 339
501 390 242 423 328
502 447 253 485 339
502 389 242 422 328
503 445 252 484 338
503 389 243 423 329
504 444 252 486 338
504 389 242 423 328
505 442 252 486 338
505 389 242 423 328
506 441 252 486 338
506 388 242 422 328
507 441 252 486 338
507 388 242 422 328
508 441 252 486 338
508 388 242 422 328
509 442 251 484 337
509 388 242 422 328
510 442 251 483 337
510 389 242 422 328
511 442 251 483 337
511 389 242 422 328
512 442 251 479 337
512 388 242 422 328
513 442 250 479 338
513 388 242 422 328
514 441 250 475 338
514 388 242 422 328
515 444 250 473 338
515 388 242 422 328
516 443 248 473 339
516 389 242 423 328
517 442 248 472 339
517 389 242 423 328
518 443 248 471 339
518 387 242 422 328
519 443 248 471 339
519 388 242 423 328
520 443 248 471 339
520 388 242 423 328
521 443 248 471 339
521 388 242 423 328
522 443 248 471 339
522 388 242 423 328
523 443 248 471 339
523 388 242 423 328
524 443 248 471 339
524 388 242 423 328
525 443 248 471 339
525 388 242 423 328
526 443 248 471 339
526 388 242 423 328
527 442 248 471 338
527 388 242 423 328
528 443 248 472 338
528 388 242 423 328
529 442 248 472 338
529 387 242 422 328
530 443 248 473 338
530 387 242 422 328
531 443 248 473 338
531 388 242 423 328
532 442 248 472 338
532 388 242 423 328
533 443 248 473 338
533 388 243 423 328
534 443 248 473 338
534 388 243 423 328
535 443 248 473 338
535 388 243 423 328
536 442 248 472 338
536 388 243 423 328
537 442 248 472 338
537 388 243 423 328
538 442 248 472 338
538 388 243 423 328
539 442 248 472 338
539 388 243 423 328
540 441 248 471 338
540 388 243 423 328
541 441 248 471 338
541 388 243 423 328
542 441 248 471 338
542 388 243 423 328
543 441 248 471 338
543 388 243 423 328
544 442 248 470 338
544 388 243 423 328
545 440 248 470 338
545 388 243 423 328
546 440 248 470 338
546 389 243 425 328
547 440 248 470 338
547 389 243 425 328
548 440 248 469 338
548 390 244 426 329
549 440 248 469 338
549 391 244 428 329
550 440 248 469 338
550 391 244 431 329
551 439 248 470 338
551 392 244 433 330
552 439 248 470 338
552 393 244 436 330
553 439 248 470 338
553 393 244 438 330
554 439 248 470 338
554 394 244 439 330
555 440 248 470 338
555 394 244 441 331
556 440 248 470 338
556 393 244 441 331
557 440 248 470 338
557 394 244 442 331
558 440 248 470 338
558 394 245 442 332
559 442 248 471 338
559 393 245 443 331
560 442 248 471 338
560 394 245 444 331
561 444 248 474 338
561 395 245 447 331
562 444 248 476 338
562 395 245 447 331
563 444 249 479 339
563 396 245 444 331
564 444 249 480 339
564 397 245 446 331
565 444 249 481 339
565 398 245 447 331
566 444 249 482 339
566 399 245 445 331
567 440 249 482 339
567 404 245 445 331
568 440 249 483 339
568 407 245 445 331
569 441 249 484 339
569 407 245 445 331
570 442 249 485 339
570 406 245 446 331
571 442 249 487 339
571 406 245 446 331
572 443 249 488 339
572 407 245 447 331
573 449 249 489 340
573 407 245 448 331
574 451 249 491 340
574 408 245 449 331
575 449 249 493 340
575 407 245 449 331
576 444 249 494 340
576 408 245 444 331
577 441 250 493 343
577 407 245 443 331
578 436 250 494 343
578 408 245 444 331
579 429 250 492 343
579 408 245 444 331
580 431 250 491 346
580 409 245 444 331
581 430 250 490 344
581 409 245 444 331
582 434 255 489 345
582 410 245 446 331
583 433 255 489 345
583 410 245 447 331
584 440 255 489 345
584 411 245 448 331
585 444 255 490 345
585 413 245 447 331
586 447 260 491 347
586 413 245 448 331
587 448 261 494 347
587 415 245 449 331
588 449 261 496 347
588 415 245 449 331
589 449 261 496 347
589 416 245 452 331
590 452 261 497 346
590 418 245 454 331
591 453 259 498 346
591 419 245 455 331
592 453 259 498 346
592 419 245 456 331
593 454 257 497 347
593 419 245 457 331
594 455 257 498 347
594 420 246 458 332
595 455 254 498 347
595 420 246 458 334
596 455 254 499 347
596 420 246 459 334
597 455 254 496 347
597 420 246 459 334
598 455 254 495 346
598 420 246 459 334
599 455 254 495 346
599 420 246 459 334
600 454 254 494 346
600 420 246 459 334
601 453 254 493 346
601 421 246 460 334
602 453 254 492 346
602 421 246 460 334
603 453 254 491 346
603 422 245 461 335
604 454 254 490 346
604 423 245 461 335
605 456 254 491 346
605 423 245 461 335
606 457 252 491 344
606 423 245 461 335
607 457 252 493 344
607 424 250 464 338
608 457 252 493 344
608 424 253 466 337
609 457 252 497 344
609 426 256 468 335
610 456 249 495 346
610 427 258 469 336
611 456 249 496 346
611 427 259 469 337
612 455 250 500 349
612 427 258 469 336
613 455 251 502 350
613 426 258 470 336
614 457 251 504 349
614 425 256 469 338
615 458 252 506 350
615 421 253 467 335
616 459 252 508 350
616 421 253 467 335
617 459 253 510 349
617 422 254 468 336
618 457 254 513 349
618 421 251 468 337
619 457 258 515 349
619 420 251 467 337
620 456 261 513 346
620 420 251 467 337
621 458 263 510 346
621 420 251 467 337
622 458 267 504 347
622 420 251 467 337
623 458 269 501 347
623 421 251 467 337
624 458 269 499 347
624 421 251 467 337
625 452 269 498 347
625 420 253 472 339
626 448 268 494 346
626 422 253 476 339
627 441 269 494 347
627 422 255 482 340
628 439 269 492 348
628 422 255 484 340
629 437 269 490 349
629 425 259 487 336
630 437 270 489 346
630 425 259 487 336
631 425 263 502 345
631 425 259 487 336
632 426 263 503 345
632 425 259 487 336
633 428 263 498 346
633 425 259 487 336
634 429 264 494 346
634 425 259 487 336
635 429 262 494 344
635 425 259 487 336
636 427 262 494 343
636 425 259 487 336
637 428 262 494 340
637 425 259 487 336
638 428 262 494 340
638 425 259 487 336
639 432 263 496 339
639 425 259 487 336
640 431 261 495 339
640 425 259 487 336
641 431 262 495 339
641 425 259 487 336
642 430 263 495 339
642 425 259 487 336
643 430 263 495 339
643 425 259 487 336
644 430 262 495 338
644 425 259 487 336
645 431 260 491 338
645 425 259 487 336
646 431 260 491 340
646 425 259 487 336
647 431 260 488 340
647 425 259 487 336
648 428 261 487 345
648 425 259 487 336
649 427 262 489 346
649 425 259 487 336
650 426 263 490 346
650 425 259 487 336
651 425 264 490 348
651 425 259 487 336
652 418 267 490 348
652 425 259 487 336
653 410 267 492 348
653 425 259 487 336
654 410 269 492 348
654 425 259 487 336
655 409 270 491 349
655 425 259 487 336
656 412 270 490 349
656 425 259 487 336
657 414 270 490 349
657 425 259 487 336
658 415 270 490 348
658 425 259 487 336
659 415 268 490 347
659 425 259 487 336
660 416 268 490 347
660 425 259 487 336
661 417 267 491 346
661 425 259 487 336
662 417 266 491 345
662 425 259 487 336
663 416 267 490 347
663 425 259 487 336
664 414 267 491 347
664 425 259 487 336
665 414 267 490 347
665 425 259 487 336
666 414 268 490 348
666 425 259 487 336
667 413 269 488 348
667 425 259 487 336
668 413 270 487 348
668 425 259 487 336
669 412 272 484 349
669 425 259 487 336
670 412 273 481 349
670 425 259 487 336
671 412 275 478 350
671 425 259 487 336
672 412 277 477 351
672 425 259 487 336
673 411 278 474 351
673 425 259 487 336
674 411 278 474 351
674 425 259 487 336
675 411 278 473 350
675 425 259 487 336
676 410 278 474 350
676 425 259 487 336
677 409 278 474 350
677 425 259 487 336
678 407 275 474 349
678 425 259 487 336
679 406 275 474 349
679 425 259 487 336
680 406 276 474 350
680 425 259 487 336
681 406 276 473 350
681 425 259 487 336
682 404 283 472 350
682 425 259 487 336
683 404 288 472 350
683 425 259 487 336
684 404 289 472 349
684 425 259 487 336
685 404 289 472 349
685 425 259 487 336
686 404 289 474 349
686 425 259 487 336
687 401 288 472 349
687 425 259 487 336
688 400 288 472 350
688 425 259 487 336
689 402 288 473 350
689 425 259 487 336
690 401 284 472 349
690 425 259 487 336
691 400 283 471 350
691 425 259 487 336
692 402 284 468 350
692 425 259 487 336
693 399 285 465 351
693 425 259 487 336
694 400 285 462 351
694 425 259 487 336
695 400 285 462 351
695 425 259 487 336
696 400 284 461 351
696 425 259 487 336
697 400 283 460 351
697 425 259 487 336
698 400 283 460 351
698 425 259 487 336
699 400 283 460 351
699 425 259 487 336
700 400 283 460 351
700 425 259 487 336
701 400 280 460 350
701 425 259 487 336
702 400 281 460 351
702 425 259 487 336
703 400 281 460 351
703 425 259 487 336
704 400 279 460 351
704 425 259 487 336
705 399 279 459 351
705 425 259 487 336
706 397 279 460 351
706 425 259 487 336
707 397 279 460 351
707 425 259 487 336
708 397 279 460 351
708 425 259 487 336
709 397 279 460 351
709 425 259 487 336
710 397 279 460 351
710 425 259 487 336
711 397 279 460 351
711 425 259 487 336
712 397 279 460 351
712 425 259 487 336
713 399 279 462 351
713 425 259 487 336
714 399 279 462 351
714 425 259 487 336
715 399 279 462 351
715 425 259 487 336
716 401 279 464 351
716 425 259 487 336
717 402 281 464 351
717 425 259 487 336
718 400 281 462 351
718 425 259 487 336
719 398 283 462 351
719 425 259 487 336
720 397 284 461 351
720 425 259 487 336
721 396 285 460 351
721 425 259 487 336
722 396 286 458 351
722 425 259 487 336
723 395 287 458 351
723 425 259 487 336
724 394 288 459 351
724 425 259 487 336
725 394 288 460 351
725 425 259 487 336
726 394 288 460 351
726 425 259 487 336
727 395 288 459 351
727 425 259 487 336
728 394 288 461 351
728 425 259 487 336
729 394 288 462 351
729 425 259 487 336
730 394 288 462 351
730 425 259 487 336
731 390 288 467 350
731 425 259 487 336
732 387 288 467 349
732 425 259 487 336
733 388 285 465 350
733 425 259 487 336
734 390 283 464 351
734 425 259 487 336
735 390 283 464 351
735 425 259 487 336
736 390 283 464 351
736 425 259 487 336
737 393 287 465 352
737 425 259 487 336
738 394 290 464 352
738 425 259 487 336
739 394 290 464 352
739 425 259 487 336
740 395 292 464 351
740 425 259 487 336
741 395 291 464 350
741 425 259 487 336
742 395 291 464 350
742 425 259 487 336
743 394 291 464 351
743 425 259 487 336
744 394 291 464 351
744 425 259 487 336
745 395 291 465 351
745 425 259 487 336
746 393 291 463 351
746 425 259 487 336
747 393 291 463 351
747 425 259 487 336
748 393 290 463 352
748 425 259 487 336
749 392 290 462 352
749 425 259 487 336
750 391 290 461 352
750 425 259 487 336
751 391 290 461 352
751 425 259 487 336
752 390 290 460 352
752 425 259 487 336
753 390 290 460 352
753 425 259 487 336
754 390 290 460 352
754 425 259 487 336
755 391 292 461 352
755 425 259 487 336
756 391 294 461 352
756 425 259 487 336
757 391 295 461 351
757 425 259 487 336
758 391 296 461 352
758 425 259 487 336
759 391 296 461 352
759 425 259 487 336
760 392 296 462 352
760 425 259 487 336
761 393 293 466 351
761 425 259 487 336
762 393 295 466 352
762 425 259 487 336
763 390 295 463 352
763 425 259 487 336
764 390 295 463 352
764 425 259 487 336
765 391 295 462 352
765 425 259 487 336
766 390 294 461 352
766 425 259 487 336
767 391 294 461 351
767 425 259 487 336
768 391 294 461 351
768 425 259 487 336
769 390 294 461 352
769 425 259 487 336
770 390 294 461 352
770 425 259 487 336
771 390 295 461 350
771 425 259 487 336
772 390 295 461 350
772 425 259 487 336
773 391 293 462 350
773 425 259 487 336
774 391 291 462 350
774 425 259 487 336
775 391 291 462 350
775 425 259 487 336
776 393 291 463 350
776 425 259 487 336
777 395 289 462 350
777 425 259 487 336
778 395 289 463 351
778 425 259 487 336
779 395 289 463 351
779 425 259 487 336
780 394 289 462 351
780 425 259 487 336
781 395 289 461 351
781 425 259 487 336
782 394 289 461 351
782 425 259 487 336
783 394 289 461 351
783 425 259 487 336
784 393 290 460 352
784 425 259 487 336
785 395 290 459 352
785 425 259 487 336
786 394 290 458 352
786 425 259 487 336
787 394 290 458 352
787 425 259 487 336
788 395 290 458 352
788 425 259 487 336
789 392 290 457 352
789 425 259 487 336
790 392 290 457 351
790 425 259 487 336
791 392 290 457 351
791 425 259 487 336
792 393 290 458 351
792 425 259 487 336
793 394 289 458 351
793 425 259 487 336
794 394 289 458 351
794 425 259 487 336
795 393 288 457 350
795 425 259 487 336
796 393 289 457 351
796 425 259 487 336
797 393 288 457 350
797 425 259 487 336
798 393 288 457 351
798 425 259 487 336
799 392 287 457 350
799 425 259 487 336
800 392 286 457 350
800 425 259 487 336
801 392 285 457 350
801 425 259 487 336
802 391 285 456 350
802 425 259 487 336
803 391 284 456 349
803 425 259 487 336
804 392 284 457 349
804 425 259 487 336
805 392 283 457 349
805 425 259 487 336
806 393 283 455 349
806 425 259 487 336
807 392 283 454 350
807 425 259 487 336
808 390 283 452 350
808 425 259 487 336
809 389 283 451 350
809 425 259 487 336
810 390 283 453 350
810 425 259 487 336
811 390 284 453 351
811 425 259 487 336
812 393 284 453 351
812 425 259 487 336
813 393 284 453 351
813 425 259 487 336
814 393 284 453 351
814 425 259 487 336
815 393 284 453 351
815 425 259 487 336
816 393 284 453 351
816 425 259 487 336
817 394 284 452 351
817 425 259 487 336
818 394 284 452 351
818 425 259 487 336
819 394 284 452 351
819 425 259 487 336
820 393 284 451 351
820 425 259 487 336
821 392 284 450 351
821 425 259 487 336
822 392 284 450 351
822 425 259 487 336
823 392 279 450 350
823 425 259 487 336
824 392 279 450 350
824 425 259 487 336
825 393 277 450 351
825 425 259 487 336
826 392 277 449 351
826 425 259 487 336
827 393 276 450 350
827 425 259 487 336
828 394 273 451 350
828 425 259 487 336
829 394 271 451 350
829 425 259 487 336
830 395 269 451 350
830 425 259 487 336
831 392 266 451 350
831 425 259 487 336
832 391 264 450 350
832 425 259 487 336
833 389 263 449 349
833 425 259 487 336
834 388 261 450 350
834 425 259 487 336
835 386 260 448 350
835 425 259 487 336
836 385 258 448 350
836 425 259 487 336
837 384 257 448 350
837 425 259 487 336
838 383 256 447 349
838 425 259 487 336
839 383 256 446 349
839 425 259 487 336
840 382 255 446 350
840 425 259 487 336
841 408 317 448 352
841 379 253 431 340
842 408 317 448 352
842 379 253 426 340
843 408 317 448 352
843 379 251 423 340
844 408 317 448 352
844 377 251 421 340
845 410 317 450 352
845 379 250 419 339
846 409 317 450 352
846 377 249 419 340
847 409 317 450 352
847 376 249 418 340
848 409 317 450 352
848 376 250 418 341
849 410 317 451 352
849 375 251 416 340
850 409 317 450 352
850 376 249 415 338
851 410 317 451 352
851 376 249 414 338
852 409 317 450 352
852 375 249 413 338
853 410 317 451 352
853 374 249 412 338
854 409 317 450 352
854 374 249 412 338
855 410 317 451 352
855 373 249 412 338
856 410 317 451 352
856 372 250 411 338
857 410 317 451 352
857 371 250 410 338
858 411 317 452 352
858 370 250 409 338
859 410 317 451 352
859 369 249 408 337
860 410 317 451 352
860 367 248 407 336
861 410 315 453 352
861 364 246 406 336
862 409 315 452 352
862 365 246 405 335
863 409 313 452 352
863 363 246 405 335
864 410 312 453 353
864 362 244 405 334
865 409 310 453 353
865 361 245 402 334
866 410 310 454 353
866 358 245 401 334
867 410 310 454 353
867 355 246 400 334
868 410 310 454 353
868 354 246 399 334
869 410 310 454 353
869 349 247 398 335
870 411 310 455 353
870 345 249 396 335
871 411 310 455 353
871 345 249 396 334
872 411 310 457 352
872 345 249 396 334
873 412 310 458 352
873 345 250 394 334
874 411 310 459 352
874 346 250 394 334
875 411 311 461 352
875 347 250 393 334
876 410 311 462 352
876 348 250 391 334
877 410 311 463 352
877 345 250 388 334
878 410 311 463 352
878 345 248 385 333
879 410 311 463 352
879 344 248 382 333
880 410 311 463 352
880 342 247 380 333
881 410 311 463 352
881 340 247 378 333
882 409 311 463 352
882 338 247 377 333
883 409 311 463 352
883 337 247 376 333
884 409 311 463 352
884 335 247 374 333
885 408 311 462 352
885 335 247 374 333
886 409 311 462 350
886 334 248 373 334
887 408 311 461 350
887 334 248 372 334
888 408 311 461 350
888 333 248 371 334
889 408 310 461 350
889 330 248 368 334
890 408 310 461 350
890 326 248 368 334
891 408 310 461 350
891 322 249 368 333
892 408 309 461 351
892 317 250 368 333
893 407 308 460 352
893 315 250 368 333
894 406 307 459 351
894 311 250 366 333
895 407 307 460 351
895 310 250 367 333
896 406 306 460 351
896 305 253 368 333
897 405 306 459 351
897 301 254 367 334
898 406 305 460 353
898 298 255 365 333
899 405 305 459 353
899 295 255 363 333
900 405 303 457 352
900 290 256 357 333
901 404 303 456 352
901 289 257 351 333
902 404 302 454 351
902 285 254 344 332
903 403 302 453 351
903 281 255 334 333
904 403 299 453 352
904 279 255 329 333
905 403 299 453 352
905 276 255 328 333
906 402 299 452 352
906 271 256 327 332
907 400 298 451 351
907 267 257 328 333
908 400 298 451 351
908 264 257 327 333
909 399 298 450 351
909 259 259 326 333
910 398 296 451 351
910 256 259 324 333
911 397 296 450 351
911 252 259 321 333
912 397 296 450 351
912 247 259 316 333
913 397 296 450 351
913 242 259 307 333
914 398 297 451 352
914 238 259 295 334
915 398 297 452 352
915 233 258 287 334
916 396 297 451 352
916 226 257 280 334
917 396 297 452 352
917 219 257 277 334
918 396 298 452 353
918 211 257 276 334
919 396 298 452 353
919 207 255 274 334
920 393 298 451 353
920 203 254 272 333
921 393 298 451 353
921 202 254 271 333
922 393 298 451 353
922 197 253 261 332
923 392 298 451 353
923 193 253 249 332
924 392 298 453 353
924 190 252 235 333
925 390 298 452 353
925 184 252 227 333
926 391 298 453 353
926 179 251 227 333
927 391 297 453 351
927 172 251 225 332
928 390 297 452 351
928 163 251 223 333
929 390 297 452 351
929 154 250 220 331
930 390 297 452 351
930 151 249 216 330
931 390 297 452 351
931 150 250 208 331
932 389 297 451 351
932 148 250 198 331
933 389 297 452 351
933 142 250 186 331
934 389 297 452 351
934 132 250 178 331
935 389 297 452 351
935 125 250 174 331
936 389 297 452 351
936 119 249 170 330
937 388 297 451 351
937 116 249 169 329
938 385 296 452 350
938 111 248 165 327
939 385 296 452 350
939 105 247 159 326
940 385 296 452 350
940 100 247 150 326
941 385 296 452 350
941 101 247 141 326
942 383 296 453 350
942 92 247 132 327
943 383 296 453 350
943 89 247 122 327
944 382 296 454 350
944 83 247 119 326
945 382 296 454 350
945 75 248 120 327
946 382 296 457 350
946 63 246 119 326
947 381 296 456 350
947 57 245 116 323
948 381 296 456 350
948 54 246 109 323
949 381 296 456 350
949 53 245 101 324
950 381 297 456 351
950 46 246 90 325
951 381 297 456 351
951 42 246 86 325
952 380 297 455 351
952 34 244 80 325
953 380 297 455 351
953 30 244 76 325
954 380 297 455 351
954 22 244 71 323
955 380 297 455 351
955 16 241 67 321
956 380 297 455 351
956 13 240 62 312
957 380 297 455 351
957 9 242 53 307
958 381 297 456 351
958 8 240 42 308
959 381 297 456 351
959 9 240 33 308
960 381 299 456 351
960 9 245 25 311
961 381 299 456 351
961 8 245 20 311
962 381 299 456 351
962 9 245 19 311
963 381 299 456 351
963 8 247 16 316
964 381 299 456 351
965 381 299 456 351
966 381 299 456 351
967 380 299 455 351
968 381 299 456 351
969 381 299 456 351
970 381 299 456 351
971 381 299 456 351
972 381 299 456 351
973 381 299 456 351
974 381 299 456 351
975 381 299 456 351
976 381 299 456 351
977 381 302 454 350
978 381 302 454 350
979 381 302 454 350
980 381 302 454 350
981 381 302 454 350
982 381 302 454 350
983 381 302 454 350
984 381 302 454 350
985 381 302 454 350
986 381 302 454 350
987 381 302 454 350
988 381 304 454 351
989 381 304 454 351
990 381 304 454 351
991 381 304 454 351
992 381 308 452 351
993 381 310 451 351
994 381 310 451 351
995 381 314 451 352
996 381 314 451 352
997 382 318 447 351
998 382 318 447 351
999 382 318 447 351
1000 386 318 448 351
1001 389 318 447 351
1002 391 318 446 351
1003 391 317 446 350
1004 391 318 446 351
1005 391 318 446 351
1006 394 307 440 355
1007 394 307 440 355
1008 394 307 440 355
1009 394 307 440 355
1010 394 307 440 355
1011 394 307 440 355
1012 394 307 440 355
1013 392 318 447 351
1014 394 318 441 351
1015 394 318 441 351
1016 394 318 441 351
1017 394 318 441 351
1018 394 318 441 351
1019 394 318 441 351
1020 394 318 441 351
1021 394 318 441 351
1022 394 318 441 351
1023 394 318 441 351
1024 394 318 441 351
1025 394 318 441 351
1026 394 318 441 351
1027 394 318 441 351
1028 394 318 441 351
1029 394 318 441 351
1030 394 318 441 351
1031 394 318 441 351
1032 394 318 441 351
1033 395 318 442 351
1034 395 318 442 351
1035 395 318 442 351
1036 395 318 442 351
1037 395 318 442 351
1038 395 318 442 351
1039 395 318 442 351
1040 395 318 442 351
1041 395 318 442 351
1042 395 318 442 351
1043 395 318 442 351
1044 395 316 442 350
1045 395 316 442 350
1046 395 316 442 350
