781
18 657 176 686 347
19 659 176 688 347
20 662 176 691 347
21 666 176 695 347
22 668 176 697 347
23 658 175 712 346
24 659 175 713 346
25 660 175 714 346
26 663 175 717 346
27 665 175 719 346
28 669 175 723 346
29 673 175 727 346
30 676 175 730 346
31 680 175 734 346
32 684 175 738 346
33 689 175 743 346
34 693 175 747 346
35 697 175 751 346
36 703 175 757 346
37 707 175 761 346
38 712 175 766 346
39 716 175 770 346
40 720 175 774 346
41 725 175 779 346
42 731 175 785 346
43 734 175 788 346
44 738 175 792 346
45 741 175 795 346
46 745 175 799 346
47 748 175 802 346
48 751 175 805 346
49 755 175 809 346
50 759 175 813 346
51 762 175 816 346
52 765 175 819 346
53 768 175 822 346
54 761 184 828 357
55 763 184 830 357
56 766 184 833 357
57 770 184 837 357
58 773 184 840 357
59 776 184 843 357
60 779 184 846 357
61 781 184 848 357
62 783 184 850 357
63 786 184 853 357
64 788 184 855 357
65 790 184 857 357
66 792 184 859 357
67 796 184 863 357
68 799 184 866 357
69 802 184 869 357
70 804 184 871 357
71 807 184 874 357
72 810 184 877 357
73 813 184 880 357
74 816 184 883 357
75 819 184 886 357
76 821 184 888 357
77 822 184 889 357
78 827 185 894 358
79 830 187 897 360
80 829 188 897 382
81 832 188 900 382
82 835 188 903 382
83 837 188 905 382
84 840 188 908 382
85 842 188 910 382
86 845 188 913 382
87 848 188 916 382
88 851 188 919 382
89 853 188 921 382
90 856 188 924 382
91 858 188 926 382
92 863 188 931 382
93 866 188 934 382
94 869 188 937 382
95 871 188 939 382
96 875 188 943 382
97 879 188 947 382
98 883 188 951 382
99 885 188 953 382
100 888 188 956 382
101 890 188 958 382
102 893 188 961 382
103 895 188 963 382
104 898 205 967 389
105 899 205 968 389
106 903 206 972 390
107 907 210 976 394
108 908 212 977 396
109 909 213 978 397
110 911 215 980 399
111 913 214 982 398
112 914 214 983 398
113 916 214 985 398
114 917 214 986 398
115 918 214 987 398
116 920 214 989 398
117 921 214 990 398
118 923 214 992 398
119 927 215 996 399
120 928 215 997 399
121 930 215 999 399
122 932 215 1001 399
123 933 216 1002 400
124 934 217 1003 401
125 937 217 1006 401
126 940 217 1009 401
127 942 217 1011 401
128 944 217 1013 401
129 946 217 1015 401
130 948 217 1017 401
131 949 217 1018 401
132 950 217 1019 401
133 953 222 1022 406
134 954 222 1023 406
135 954 222 1023 406
136 955 223 1024 407
137 957 223 1026 407
138 958 225 1027 409
139 959 225 1028 409
140 960 225 1029 409
141 961 225 1030 409
142 964 228 1033 412
143 960 234 1036 426
144 961 235 1037 427
145 962 236 1038 428
146 963 237 1039 429
147 964 237 1040 429
148 965 238 1041 430
149 966 238 1042 430
150 969 239 1045 431
151 971 240 1047 432
152 972 242 1048 434
153 972 242 1048 434
154 972 242 1048 434
155 973 242 1049 434
156 974 242 1050 434
157 974 242 1050 434
158 975 242 1051 434
159 976 244 1052 436
160 976 247 1052 439
161 977 247 1053 439
162 979 247 1055 439
163 980 247 1056 439
164 980 248 1056 440
165 980 248 1056 440
166 983 248 1059 440
167 985 248 1061 440
168 986 253 1062 445
169 989 253 1065 445
170 991 253 1067 445
171 992 255 1068 447
172 993 258 1069 450
173 994 259 1070 451
174 995 261 1071 453
175 996 262 1072 454
176 998 263 1074 455
177 998 263 1074 455
178 999 264 1075 456
179 1000 265 1076 457
180 1001 266 1077 458
183 1008 273 1080 485
184 1009 274 1081 486
185 1010 275 1082 487
186 1012 276 1084 488
187 1013 278 1085 490
188 1015 278 1087 490
189 1016 280 1088 492
190 1017 281 1089 493
191 1019 281 1091 493
192 1018 281 1090 493
193 1019 281 1091 493
194 1020 282 1092 494
195 1019 282 1091 494
196 1020 282 1092 494
197 1019 283 1091 495
198 1020 283 1092 495
199 1019 283 1091 495
200 1020 290 1092 502
201 1020 290 1092 502
202 1020 292 1092 504
203 1020 293 1092 505
204 1020 294 1092 506
205 1020 294 1092 506
206 1020 294 1092 506
207 1020 294 1092 506
208 1020 294 1092 506
209 1020 294 1092 506
210 1020 299 1092 511
211 1020 300 1092 512
212 1020 301 1092 513
213 1020 302 1092 514
214 1020 302 1092 514
215 1020 302 1092 514
216 1020 302 1092 514
217 1020 302 1092 514
218 1020 302 1092 514
219 1020 302 1092 514
220 1020 304 1092 516
221 1020 305 1092 517
222 1020 305 1092 517
223 1020 305 1092 517
224 1018 307 1090 519
225 1017 309 1089 521
226 1017 311 1089 523
227 1017 312 1089 524
228 1014 314 1086 526
229 1014 315 1086 527
230 1013 316 1085 528
231 1012 319 1090 551
232 1010 320 1088 552
233 1010 320 1088 552
234 1010 320 1088 552
235 1008 322 1086 554
236 1008 322 1086 554
237 1008 322 1086 554
238 1006 326 1084 558
239 1006 326 1084 558
240 1006 329 1084 561
241 1006 330 1084 562
242 1006 331 1084 563
243 1002 331 1080 563
244 1002 331 1080 563
245 1001 331 1079 563
246 1001 332 1079 564
247 1001 335 1079 567
248 1001 336 1079 568
249 1000 338 1078 570
250 998 342 1076 574
251 998 345 1076 577
252 998 347 1076 579
253 998 348 1076 580
254 998 348 1076 580
255 997 350 1075 582
256 997 351 1075 583
257 997 351 1075 583
258 997 351 1075 583
259 997 352 1075 584
260 997 352 1075 584
261 997 352 1075 584
262 1000 356 1078 588
263 1000 361 1078 593
264 1000 361 1078 593
265 1000 361 1078 593
266 1000 363 1078 595
267 1000 365 1078 597
268 1002 369 1080 601
269 1003 370 1081 602
270 1003 370 1081 602
271 1003 370 1081 602
272 1004 371 1082 603
273 1004 371 1082 603
274 1004 371 1082 603
275 1004 371 1082 603
276 1004 373 1082 605
277 1004 373 1082 605
278 1004 373 1082 605
279 1003 381 1081 613
280 1003 381 1081 613
281 1003 381 1081 613
282 1003 388 1081 620
283 1003 388 1081 620
284 1003 388 1081 620
285 1003 390 1081 622
286 1003 390 1081 622
287 1003 390 1081 622
288 1003 390 1081 622
289 1003 390 1081 622
290 1003 394 1081 626
291 1003 394 1081 626
292 1003 394 1081 626
293 1003 401 1081 633
294 1003 401 1081 633
295 1003 401 1081 633
296 1003 404 1081 636
297 1003 404 1081 636
298 1003 404 1081 636
299 1000 409 1078 641
300 1000 409 1078 641
301 1000 409 1078 641
302 1000 410 1078 642
303 998 416 1076 648
304 998 416 1076 648
305 993 421 1071 653
306 992 423 1070 655
307 990 424 1068 656
308 987 427 1065 659
309 984 431 1062 663
310 985 426 1072 689
311 985 428 1072 691
312 985 428 1072 691
313 985 428 1072 691
314 985 428 1072 691
315 983 429 1070 692
316 983 429 1070 692
317 983 432 1070 695
318 983 432 1070 695
319 983 433 1070 696
320 983 434 1070 697
321 983 436 1070 699
322 986 440 1073 703
323 986 440 1073 703
324 987 442 1074 705
325 988 442 1075 705
326 989 444 1076 707
327 990 445 1077 708
328 977 454 1076 740
329 977 456 1076 742
330 977 456 1076 742
331 977 458 1076 744
332 977 460 1076 746
333 977 462 1076 748
334 977 463 1076 749
335 977 465 1076 751
336 976 466 1075 752
337 976 468 1075 754
338 976 471 1075 757
339 976 473 1075 759
340 976 473 1075 759
341 976 473 1075 759
342 975 473 1074 759
343 974 473 1073 759
344 974 473 1073 759
345 973 477 1072 763
346 973 478 1072 764
347 971 484 1070 770
348 971 486 1070 772
349 971 489 1070 775
350 971 491 1070 777
351 971 491 1070 777
352 971 491 1070 777
353 971 494 1070 780
354 969 497 1068 783
355 969 499 1068 785
356 969 499 1068 785
357 969 499 1068 785
358 969 499 1068 785
359 964 509 1063 795
360 964 509 1063 795
361 964 512 1063 798
362 964 512 1063 798
363 964 516 1063 802
364 964 516 1063 802
365 964 518 1063 804
366 964 518 1063 804
367 964 518 1063 804
368 964 520 1063 806
369 964 520 1063 806
370 964 520 1063 806
371 964 520 1063 806
372 962 524 1061 810
373 962 524 1061 810
374 962 524 1061 810
375 962 524 1061 810
376 962 524 1061 810
377 962 524 1061 810
378 962 528 1061 814
379 962 528 1061 814
380 962 528 1061 814
381 962 533 1061 819
382 962 533 1061 819
383 962 533 1061 819
384 962 536 1061 822
385 962 536 1061 822
386 962 536 1061 822
387 962 539 1061 825
388 962 539 1061 825
389 962 539 1061 825
390 962 545 1061 831
391 962 545 1061 831
392 962 545 1061 831
393 962 549 1061 835
394 962 549 1061 835
395 962 549 1061 835
396 960 551 1059 837
397 960 551 1059 837
398 960 551 1059 837
399 960 551 1059 837
400 960 551 1059 837
401 960 551 1059 837
402 960 551 1059 837
403 960 551 1059 837
404 966 557 1065 843
405 966 557 1065 843
406 966 557 1065 843
407 968 558 1067 844
408 969 558 1068 844
409 970 558 1069 844
410 973 558 1072 844
411 978 563 1083 888
412 978 563 1083 888
413 982 563 1087 888
414 983 563 1088 888
415 988 563 1093 888
416 990 563 1095 888
417 993 563 1098 888
418 994 563 1099 888
419 995 563 1100 888
420 995 563 1100 888
421 996 563 1101 888
422 997 563 1102 888
423 997 563 1102 888
424 999 563 1104 888
425 1000 563 1105 888
426 1004 563 1109 888
427 1004 563 1109 888
428 1004 563 1109 888
429 1002 607 1124 897
430 1002 607 1124 897
431 1006 607 1128 897
432 1012 607 1134 897
433 1012 607 1134 897
434 1018 607 1140 897
435 1023 607 1145 897
436 1023 607 1145 897
437 1023 607 1145 897
438 1028 607 1150 897
439 1018 647 1175 897
440 1018 647 1175 897
441 1021 647 1178 897
442 1026 647 1183 897
443 1026 647 1183 897
444 1026 647 1183 897
445 1026 647 1183 897
446 1026 647 1183 897
447 1026 647 1183 897
448 1026 647 1183 897
449 1026 647 1183 897
450 1026 647 1183 897
451 1026 647 1183 897
452 1026 647 1183 897
453 1026 647 1183 897
454 1026 647 1183 897
455 1026 647 1183 897
456 1026 647 1183 897
457 1026 636 1183 886
458 1026 630 1183 880
459 1023 625 1180 875
460 1017 621 1174 871
461 1013 592 1150 885
462 1013 592 1150 885
463 1013 592 1150 885
464 1013 592 1150 885
465 996 598 1130 883
466 996 598 1130 883
467 996 598 1130 883
468 996 598 1130 883
469 997 572 1107 885
470 997 572 1107 885
471 997 572 1107 885
472 997 568 1107 881
473 997 562 1107 875
474 997 556 1107 869
475 996 555 1106 868
476 996 549 1106 862
477 996 546 1106 859
478 996 543 1106 856
479 996 542 1106 855
480 996 541 1106 854
481 996 538 1106 851
482 996 534 1106 847
483 996 529 1106 842
484 996 525 1106 838
485 996 521 1106 834
486 996 518 1106 831
487 996 515 1106 828
488 996 511 1106 824
489 996 509 1106 822
490 996 507 1106 820
491 996 505 1106 818
492 996 504 1106 817
493 996 503 1106 816
494 996 502 1106 815
495 996 501 1106 814
496 996 493 1106 806
497 996 490 1106 803
498 996 489 1106 802
499 996 488 1106 801
500 996 487 1106 800
501 996 486 1106 799
502 996 485 1106 798
503 996 483 1106 796
504 996 482 1106 795
505 996 474 1106 787
506 996 472 1106 785
507 996 471 1106 784
508 996 470 1106 783
509 996 469 1106 782
510 996 468 1106 781
511 996 467 1106 780
512 996 466 1106 779
513 996 449 1106 762
514 996 448 1106 761
515 996 447 1106 760
516 996 447 1106 760
517 996 446 1106 759
518 996 435 1106 748
519 996 434 1106 747
520 996 433 1106 746
521 996 432 1106 745
522 996 432 1106 745
523 996 432 1106 745
524 996 432 1106 745
525 996 431 1106 744
526 999 425 1111 721
527 999 423 1111 719
528 999 421 1111 717
529 1002 419 1114 715
530 1002 418 1114 714
531 1002 417 1114 713
532 1002 416 1114 712
533 1002 414 1114 710
534 1002 413 1114 709
535 1002 412 1114 708
536 1002 411 1114 707
537 1002 409 1114 705
538 1002 408 1114 704
539 1002 402 1114 698
540 1002 401 1114 697
541 1002 400 1114 696
542 1002 399 1114 695
543 1002 398 1114 694
544 1002 396 1114 692
545 1002 395 1114 691
546 1002 394 1114 690
547 1002 393 1114 689
548 1002 392 1114 688
549 1002 391 1114 687
550 1002 390 1114 686
551 1002 380 1114 676
552 1002 379 1114 675
553 1002 378 1114 674
554 1002 377 1114 673
555 1002 376 1114 672
556 1002 375 1114 671
557 1002 374 1114 670
558 1002 373 1114 669
559 1002 372 1114 668
560 1002 371 1114 667
561 1002 370 1114 666
562 1002 357 1114 653
563 1002 356 1114 652
564 1002 355 1114 651
565 1002 354 1114 650
566 1002 353 1114 649
567 1002 352 1114 648
568 1002 351 1114 647
569 1016 355 1102 627
570 1016 352 1102 624
571 1016 351 1102 623
572 1016 349 1102 621
573 1016 348 1102 620
574 1016 347 1102 619
575 1009 345 1095 617
576 1009 344 1095 616
577 1009 343 1095 615
578 1008 342 1094 614
579 1007 341 1093 613
580 1007 341 1093 613
581 1007 340 1093 612
582 1006 338 1092 610
583 1006 337 1092 609
584 1006 337 1092 609
585 1004 335 1090 607
586 998 322 1084 594
587 998 321 1084 593
588 997 321 1083 593
589 996 319 1082 591
590 995 318 1081 590
591 995 318 1081 590
592 994 317 1080 589
593 983 311 1069 583
594 982 310 1068 582
595 977 308 1063 580
596 976 307 1062 579
597 975 306 1061 578
598 974 305 1060 577
599 973 305 1059 577
600 972 304 1058 576
601 971 303 1057 575
602 965 298 1051 570
603 959 293 1045 565
604 958 292 1044 564
605 957 291 1043 563
606 956 290 1042 562
607 947 282 1033 554
608 948 296 1026 538
609 946 294 1024 536
610 942 291 1020 533
611 938 289 1016 531
612 934 288 1012 530
613 931 288 1009 530
614 929 288 1007 530
615 928 288 1006 530
616 927 288 1005 530
617 925 286 1003 528
618 924 286 1002 528
619 923 285 1001 527
620 922 274 1000 516
621 921 274 999 516
622 921 273 999 515
623 920 273 998 515
624 920 272 998 514
625 919 271 997 513
626 918 271 996 513
627 917 270 995 512
628 909 263 987 505
629 906 258 984 500
630 904 253 982 495
631 902 252 980 494
632 900 252 978 494
633 900 252 978 494
634 899 252 977 494
635 897 252 975 494
636 897 252 975 494
637 896 252 974 494
638 894 257 979 480
639 894 257 979 480
640 892 255 977 478
641 891 254 976 477
642 891 254 976 477
643 891 254 976 477
644 891 254 976 477
645 891 254 976 477
646 891 254 976 477
647 891 254 976 477
648 888 252 973 475
649 887 251 972 474
650 886 250 971 473
651 885 249 970 472
652 884 244 969 467
653 883 244 968 467
654 883 243 968 466
655 881 242 966 465
656 880 241 965 464
657 879 240 964 463
658 878 239 963 462
659 877 238 962 461
660 876 237 961 460
661 876 236 961 459
662 875 235 960 458
663 873 235 958 458
664 871 230 956 453
665 870 229 955 452
666 869 229 954 452
667 868 228 953 451
668 867 227 952 450
669 866 226 951 449
670 865 226 950 449
671 864 225 949 448
672 863 224 948 447
673 862 223 947 446
674 861 222 946 445
675 861 221 946 444
676 861 221 946 444
677 860 216 945 439
678 860 215 945 438
679 859 215 944 438
680 858 214 943 437
681 857 214 942 437
682 855 212 940 435
683 854 212 939 435
684 853 211 938 434
685 852 210 937 433
686 852 209 937 432
687 851 208 936 431
688 850 208 935 431
689 849 201 934 424
690 848 200 933 423
691 846 199 931 422
692 846 199 931 422
693 845 198 930 421
694 843 198 928 421
695 843 198 928 421
696 842 197 927 420
697 841 196 926 419
698 833 196 918 419
699 832 195 917 418
700 831 195 916 418
701 831 194 916 417
702 829 194 914 417
703 827 192 912 415
704 827 191 912 414
705 826 190 911 413
706 824 190 909 413
707 823 189 908 412
708 822 188 907 411
709 812 184 897 407
710 812 183 897 406
711 811 183 896 406
712 805 181 890 404
713 805 192 873 388
714 803 191 871 387
715 803 191 871 387
716 802 190 870 386
717 798 190 866 386
718 797 190 865 386
719 796 190 864 386
720 795 190 863 386
721 794 190 862 386
722 793 190 861 386
723 792 190 860 386
724 789 190 857 386
725 788 190 856 386
726 787 190 855 386
727 786 190 854 386
728 785 190 853 386
729 772 187 840 383
730 768 186 836 382
731 765 186 833 382
732 758 186 826 382
733 755 186 823 382
734 752 186 820 382
735 750 186 818 382
736 749 186 817 382
737 748 186 816 382
738 747 186 815 382
739 736 182 804 378
740 735 182 803 378
741 734 182 802 378
742 733 182 801 378
743 733 182 801 378
744 730 182 798 378
745 729 182 797 378
746 722 182 790 378
747 721 182 789 378
748 720 182 788 378
749 710 182 784 356
750 708 184 773 355
751 701 184 766 355
752 698 184 763 355
753 697 184 762 355
754 691 184 756 355
755 686 184 751 355
756 682 184 747 355
757 678 184 743 355
758 674 184 739 355
759 670 184 735 355
760 665 184 730 355
761 661 184 726 355
762 657 182 722 353
763 654 181 719 352
764 650 184 719 348
765 650 184 719 348
766 656 187 706 348
767 656 187 706 348
768 655 198 697 347
