781
21 439 120 468 229
22 440 120 469 229
23 442 120 471 229
24 444 120 473 229
25 446 120 475 229
26 448 120 477 229
27 450 120 479 229
28 452 120 481 229
29 454 120 483 229
30 456 120 485 229
31 459 120 488 229
32 462 120 491 229
33 465 120 494 229
34 468 120 497 229
35 470 120 499 229
36 472 120 501 229
37 475 120 504 229
38 478 120 507 229
39 481 120 510 229
40 484 120 513 229
41 487 120 516 229
42 489 120 518 229
43 492 120 521 229
44 495 120 524 229
45 498 120 527 229
46 500 120 529 229
47 502 120 531 229
48 504 120 533 229
49 506 120 535 229
50 508 120 537 229
51 510 120 539 229
52 513 123 542 232
53 515 123 544 232
54 518 123 547 232
55 519 124 548 233
56 521 124 550 233
57 522 124 551 233
58 525 125 554 234
59 527 125 556 234
60 529 125 558 234
61 531 125 560 234
62 533 125 562 234
63 535 127 564 236
64 536 127 565 236
65 537 127 566 236
66 538 127 567 236
67 540 127 569 236
68 542 127 571 236
69 544 127 573 236
70 546 127 575 236
71 548 127 577 236
72 550 127 579 236
73 552 127 581 236
74 550 128 581 242
75 552 128 583 242
76 555 128 586 242
77 557 129 588 243
78 558 130 589 244
79 559 132 590 246
80 561 132 592 246
81 564 132 595 246
82 565 134 596 248
83 567 134 598 248
84 569 134 600 248
85 570 134 601 248
86 571 134 602 248
87 573 134 604 248
88 575 134 606 248
89 577 134 608 248
90 578 134 609 248
91 580 134 611 248
92 582 134 613 248
93 586 134 617 248
94 588 134 619 248
95 588 135 622 249
96 590 135 624 249
97 592 135 626 249
98 594 135 628 249
99 597 135 631 249
100 599 138 633 252
101 601 138 635 252
102 604 138 638 252
103 605 138 639 252
104 607 138 641 252
105 608 140 642 254
106 610 140 644 254
107 612 140 646 254
108 613 141 647 255
109 614 143 648 257
110 615 144 649 258
111 616 145 650 259
112 617 145 651 259
113 618 145 652 259
114 619 145 653 259
115 620 145 654 259
116 621 145 655 259
117 622 145 656 259
118 623 145 657 259
119 624 145 662 262
120 626 145 664 262
121 627 146 665 263
122 627 147 665 264
123 629 148 667 265
124 630 149 668 266
125 632 150 670 267
126 634 150 672 267
127 633 150 671 267
128 635 150 673 267
129 637 150 675 267
130 637 151 675 268
131 638 151 676 268
132 639 151 677 268
133 640 151 678 268
134 641 151 679 268
135 640 152 679 269
136 640 153 679 270
137 640 154 679 271
138 642 154 681 271
139 644 154 683 271
140 643 155 682 272
141 645 155 684 272
142 646 156 685 273
143 646 157 685 274
144 647 157 686 274
145 648 157 687 274
146 650 158 689 275
147 649 159 690 279
148 650 159 691 279
149 650 160 691 280
150 650 161 691 281
151 651 160 692 280
152 652 161 693 281
153 653 161 694 281
154 654 163 695 283
155 654 166 695 286
156 654 167 695 287
157 654 166 695 286
158 655 166 696 286
159 656 167 697 287
160 656 168 697 288
161 656 170 697 290
162 656 171 697 291
163 656 172 697 292
164 656 173 697 293
165 658 174 699 294
166 659 175 700 295
167 661 175 702 295
168 663 175 704 295
169 665 175 706 295
170 666 175 707 295
171 668 175 709 295
172 670 175 711 295
173 668 175 709 295
174 668 177 709 297
175 670 177 711 297
176 671 178 712 298
177 672 178 713 298
178 671 179 712 299
179 672 180 713 300
180 672 181 713 301
181 672 184 713 307
182 673 184 714 307
183 674 185 715 308
184 675 186 716 309
185 676 187 717 310
186 677 188 720 311
187 678 189 721 312
188 679 189 722 312
189 680 189 723 312
190 681 190 724 313
191 679 190 724 313
192 680 191 725 314
193 680 192 725 315
194 681 193 726 316
195 682 194 727 317
196 681 194 726 317
197 682 195 727 318
198 681 196 726 319
199 680 196 725 319
200 680 197 725 320
201 680 199 725 322
202 680 200 725 323
203 680 200 725 326
204 680 201 725 327
205 680 201 725 333
206 681 202 726 334
207 682 203 727 335
208 682 204 727 336
209 682 205 727 337
210 682 206 727 338
211 680 207 727 342
212 681 208 728 343
213 681 209 728 344
214 681 210 728 345
215 681 212 728 347
216 681 209 728 344
217 681 209 728 347
218 681 210 728 348
219 681 211 728 349
220 681 212 728 350
221 681 213 728 351
222 681 214 728 352
223 681 216 728 354
224 681 218 728 356
225 678 219 725 357
226 678 219 726 357
227 677 219 725 360
228 676 219 724 360
229 675 219 723 360
230 674 219 722 360
231 673 219 721 360
232 674 219 722 360
233 674 220 722 361
234 673 220 721 361
235 672 221 720 362
236 671 222 719 363
237 672 222 720 363
238 671 223 719 364
239 672 224 720 365
240 671 225 719 366
241 670 226 718 367
242 671 227 719 368
243 670 228 718 369
244 671 229 719 370
245 670 230 718 377
246 669 231 717 380
247 667 231 717 380
248 667 233 717 382
249 667 235 717 384
250 667 232 717 389
251 667 233 717 390
252 667 234 717 391
253 667 235 717 392
254 667 236 717 393
255 665 237 715 394
256 665 237 717 394
257 664 238 716 395
258 664 239 716 396
259 664 240 716 397
260 664 241 716 398
261 664 241 716 401
262 664 242 716 402
263 664 243 716 403
264 666 244 718 404
265 666 246 718 406
266 666 247 718 407
267 666 248 718 408
268 666 249 718 409
269 666 250 718 410
270 666 251 718 411
271 666 252 718 412
272 666 253 718 413
273 666 253 718 415
274 666 253 720 415
275 666 254 720 416
276 666 255 720 417
277 666 256 720 418
278 666 257 720 419
279 668 257 722 419
280 668 259 722 421
281 668 260 722 422
282 668 261 722 423
283 668 262 722 424
284 668 263 722 425
285 668 264 722 426
286 666 264 724 433
287 666 265 724 434
288 667 265 725 434
289 667 266 725 435
290 666 266 724 435
291 666 267 724 436
292 665 267 723 436
293 665 268 723 437
294 665 269 723 442
295 665 270 723 443
296 665 271 723 444
297 665 271 723 447
298 665 272 723 448
299 665 273 723 449
300 665 274 723 452
301 661 275 722 453
302 661 276 722 454
303 659 276 720 454
304 659 277 720 455
305 659 278 720 459
306 658 280 719 461
307 658 281 719 462
308 656 283 717 464
309 655 285 716 466
310 655 288 716 469
311 655 289 716 473
312 654 289 715 473
313 654 290 715 474
314 655 291 716 475
315 654 291 715 475
316 654 292 715 476
317 655 292 716 476
318 654 293 715 477
319 655 294 716 478
320 654 295 715 479
321 653 296 714 480
322 653 297 714 487
323 654 297 716 487
324 655 299 717 489
325 656 300 718 490
326 656 302 718 492
327 657 302 719 492
328 655 303 718 493
329 655 304 718 497
330 654 305 717 498
331 655 305 718 498
332 654 307 717 500
333 655 308 718 501
334 653 310 716 503
335 652 311 715 504
336 651 312 714 505
337 651 314 714 507
338 650 315 713 508
339 649 315 712 508
340 650 315 713 508
341 650 316 713 509
342 649 317 714 512
343 649 318 714 513
344 649 319 714 514
345 648 320 714 515
346 648 321 714 516
347 648 321 714 516
348 648 323 714 520
349 648 326 714 523
350 646 326 712 523
351 646 328 712 525
352 646 329 712 526
353 646 331 712 528
354 645 332 713 529
355 643 333 711 530
356 644 334 712 531
357 643 336 711 533
358 641 337 709 534
359 641 339 709 536
360 641 340 709 537
361 640 342 708 539
362 638 343 708 541
363 637 344 707 542
364 638 346 708 544
365 637 347 707 545
366 639 347 709 545
367 639 349 709 550
368 639 351 709 552
369 639 352 709 553
370 640 353 710 554
371 640 354 710 555
372 641 355 711 556
373 642 356 712 557
374 639 357 709 558
375 639 358 709 559
376 640 359 710 560
377 639 359 709 560
378 639 360 709 561
379 641 361 711 562
380 641 362 711 563
381 640 363 710 564
382 641 364 711 565
383 641 364 711 569
384 641 365 711 570
385 640 365 710 570
386 641 366 711 571
387 641 367 711 572
388 640 367 710 576
389 640 368 710 577
390 640 369 710 578
391 640 370 710 579
392 640 371 710 580
393 638 371 708 580
394 636 371 706 580
395 637 371 707 580
396 636 372 706 581
397 637 372 707 581
398 637 372 707 581
399 636 372 706 581
400 637 372 707 581
401 636 372 706 581
402 637 372 707 581
403 638 372 708 581
404 639 372 709 581
405 640 372 710 581
406 641 372 711 581
407 642 372 712 581
408 643 373 719 586
409 643 373 720 590
410 644 373 721 590
411 646 373 722 590
412 648 373 724 590
413 651 374 726 591
414 655 376 730 593
415 657 376 732 593
416 660 376 735 593
417 662 376 735 593
418 665 376 738 593
419 666 378 739 593
420 666 379 739 594
421 668 379 741 594
422 669 379 742 594
423 669 385 742 595
424 670 385 743 595
425 671 385 744 595
426 666 385 740 595
427 668 385 742 595
428 674 396 748 594
429 675 396 749 594
430 674 396 751 594
431 673 396 752 594
432 674 397 757 595
433 673 397 756 595
434 675 397 758 595
435 676 397 763 595
436 676 397 765 595
437 678 397 767 595
438 680 397 769 595
439 683 397 772 595
440 684 397 776 595
441 686 397 778 595
442 687 400 779 598
443 689 400 781 598
444 691 400 783 598
445 693 400 785 598
446 695 400 787 598
447 694 424 787 593
448 695 424 788 593
449 694 424 787 593
450 694 424 787 593
451 692 424 785 593
452 692 423 785 592
453 692 423 780 592
454 691 423 776 592
455 693 421 778 590
456 692 420 776 589
457 692 417 776 586
458 692 414 776 583
459 691 414 769 583
460 691 408 769 583
461 688 408 766 583
462 688 406 764 581
463 687 406 759 581
464 686 401 753 583
465 686 401 750 582
466 686 396 745 582
467 682 394 741 580
468 682 390 741 576
469 682 387 741 579
470 681 383 740 575
471 681 379 740 571
472 671 379 730 571
473 672 376 731 568
474 672 373 731 565
475 672 369 731 561
476 672 365 731 579
477 672 364 728 578
478 672 362 728 576
479 665 362 724 576
480 664 362 723 576
481 664 359 723 573
482 664 357 723 571
483 664 354 723 568
484 664 351 723 565
485 664 348 723 562
486 665 344 724 558
487 667 341 726 555
488 667 338 726 552
489 668 336 727 547
490 670 335 729 546
491 672 334 732 545
492 672 331 732 542
493 672 329 732 540
494 672 328 732 535
495 672 330 732 537
496 672 330 732 537
497 672 327 732 534
498 672 323 732 530
499 672 321 732 528
500 672 319 732 526
501 667 318 729 525
502 667 317 729 524
503 668 317 733 524
504 668 314 733 521
505 668 311 733 518
506 668 308 733 515
507 668 306 733 513
508 668 308 733 513
509 668 306 733 511
510 668 304 733 509
511 670 304 735 509
512 671 302 736 507
513 671 299 736 504
514 671 296 736 501
515 671 293 736 498
516 671 290 736 495
517 671 290 733 495
518 671 288 733 493
519 671 293 733 491
520 671 291 733 489
521 672 290 732 488
522 672 289 732 487
523 672 288 732 486
524 672 288 732 486
525 672 286 732 484
526 671 285 731 483
527 673 285 733 483
528 673 283 733 481
529 673 281 733 479
530 673 281 733 477
531 675 278 735 474
532 675 275 735 471
533 675 273 735 469
534 675 273 735 465
535 677 272 737 464
536 676 272 736 464
537 675 271 735 463
538 675 268 735 460
539 675 267 735 458
540 675 265 735 456
541 675 265 735 455
542 675 266 735 456
543 675 265 735 455
544 675 266 735 456
545 675 265 735 455
546 675 266 735 456
547 675 263 735 453
548 675 263 735 441
549 675 260 735 438
550 675 257 735 435
551 675 254 735 432
552 675 252 735 430
553 676 253 736 431
554 676 251 736 429
555 677 252 737 430
556 677 251 737 429
557 677 250 737 428
558 677 249 737 427
559 678 249 738 427
560 679 248 739 426
561 679 246 739 424
562 679 244 739 422
563 679 242 739 420
564 679 241 739 417
565 679 241 739 416
566 679 241 739 415
567 679 241 739 413
568 679 240 739 412
569 678 240 738 412
570 678 240 734 409
571 678 239 734 408
572 678 239 732 408
573 678 237 732 406
574 675 235 729 403
575 675 233 729 401
576 673 232 727 400
577 673 229 727 397
578 671 229 725 397
579 669 229 723 397
580 671 228 725 396
581 671 226 725 394
582 669 226 723 394
583 669 224 723 392
584 667 223 721 391
585 666 222 720 390
586 664 221 718 389
587 663 220 717 388
588 663 220 714 386
589 662 218 713 384
590 661 217 712 383
591 659 215 710 381
592 657 214 705 378
593 656 213 704 377
594 654 211 702 375
595 652 210 700 374
596 650 209 698 373
597 649 208 697 372
598 649 206 697 370
599 647 205 695 369
600 646 204 694 368
601 645 202 693 366
602 643 201 691 365
603 642 200 690 364
604 641 199 689 363
605 640 198 688 362
606 636 197 684 361
607 634 195 682 359
608 632 195 680 359
609 630 195 678 359
610 629 194 677 355
611 627 194 675 355
612 625 194 673 355
613 624 194 672 355
614 623 194 671 355
615 621 193 667 350
616 620 193 666 350
617 618 191 664 348
618 616 189 662 346
619 614 187 660 344
620 613 185 659 342
621 613 185 659 342
622 612 184 658 341
623 611 183 657 340
624 611 181 657 338
625 611 179 657 336
626 611 178 657 335
627 610 177 656 331
628 609 177 655 331
629 607 177 653 331
630 606 176 652 330
631 604 176 650 330
632 604 175 650 329
633 603 174 649 328
634 602 173 648 327
635 601 172 647 326
636 600 171 646 325
637 599 170 645 324
638 598 169 644 323
639 597 168 643 322
640 596 167 642 321
641 595 166 641 320
642 596 166 642 320
643 595 166 641 320
644 594 165 640 319
645 593 164 639 318
646 594 163 640 317
647 593 162 639 316
648 594 161 640 315
649 594 159 640 313
650 593 158 639 312
651 593 158 639 305
652 593 160 639 304
653 591 159 637 303
654 591 158 637 302
655 590 157 636 301
656 589 156 635 300
657 589 155 635 299
658 588 155 634 299
659 590 160 633 297
660 589 159 632 296
661 591 160 632 295
662 590 159 631 294
663 589 158 630 293
664 589 158 630 291
665 588 157 629 290
666 587 156 628 289
667 586 156 627 289
668 588 156 629 289
669 586 156 627 289
670 585 155 626 288
671 584 155 625 288
672 583 154 624 287
673 582 153 623 286
674 586 154 627 284
675 585 153 626 283
676 584 152 625 282
677 583 151 624 281
678 582 150 623 280
679 581 149 622 279
680 580 148 621 278
681 579 147 620 277
682 578 147 619 277
683 577 147 618 277
684 576 146 617 276
685 575 145 616 275
686 574 144 615 274
687 573 143 614 273
688 572 142 613 272
689 571 141 612 271
690 570 140 611 270
691 569 139 610 269
692 568 138 609 268
693 567 137 608 267
694 566 137 607 267
695 565 136 606 266
696 564 135 605 265
697 563 134 604 264
698 562 134 603 264
699 561 133 602 263
700 560 133 601 263
701 559 133 600 263
702 557 135 594 262
703 556 135 593 262
704 555 135 592 262
705 555 135 592 262
706 554 135 591 262
707 551 135 588 262
708 549 135 584 262
709 548 135 583 262
710 546 135 581 262
711 544 135 579 262
712 542 134 577 257
713 540 134 575 257
714 538 134 573 257
715 536 134 571 257
716 536 134 571 257
717 534 134 569 257
718 532 134 567 257
719 534 134 569 257
720 531 134 566 257
721 529 134 564 257
722 529 134 564 254
723 526 130 561 252
724 525 130 560 252
725 525 128 560 250
726 523 128 558 250
727 519 127 554 249
728 516 127 551 249
729 514 127 549 249
730 512 127 547 249
731 510 127 545 249
732 508 127 543 249
733 506 127 541 249
734 504 127 539 249
735 502 127 537 249
736 500 126 535 248
737 498 125 533 247
738 496 125 531 247
739 494 125 529 247
740 492 125 527 247
741 491 124 526 246
742 490 124 525 246
743 488 124 523 246
744 486 124 521 246
745 484 124 519 246
746 482 124 517 246
747 480 124 515 246
748 478 122 513 244
749 478 122 513 236
750 475 122 506 236
751 474 122 505 236
752 470 122 501 236
753 467 122 498 236
754 464 122 495 236
755 461 122 492 236
756 458 122 489 236
757 455 122 486 236
758 452 122 483 236
759 449 122 480 236
760 447 122 478 236
761 444 122 475 236
762 442 122 473 236
763 440 122 471 236
764 437 122 468 236
765 437 122 465 236
766 435 122 463 236
767 433 122 461 236
768 432 122 457 236
769 431 122 456 236
