781
21 222 60 233 113
22 223 60 234 113
23 224 60 235 113
24 219 58 238 113
25 220 58 239 113
26 221 58 240 113
27 223 59 242 114
28 224 60 243 115
29 225 60 244 115
30 227 60 246 115
31 228 60 247 115
32 229 60 248 115
33 230 60 249 115
34 231 60 250 115
35 232 60 251 115
36 234 60 253 115
37 236 60 255 115
38 238 60 257 115
39 239 60 258 115
40 241 60 260 115
41 243 60 262 115
42 244 60 263 115
43 245 60 264 115
44 247 60 266 115
45 248 60 267 115
46 248 60 267 115
47 250 60 269 115
48 250 60 269 115
49 252 60 271 115
50 253 60 272 115
51 254 60 273 115
52 255 60 274 115
53 256 60 275 115
54 258 61 277 116
55 258 62 277 117
56 259 62 278 117
57 259 62 278 117
58 260 63 279 118
59 261 64 280 119
60 262 64 281 119
61 263 64 282 119
62 264 64 283 119
63 265 64 284 119
64 266 64 285 119
65 267 64 286 119
66 268 64 287 119
67 269 64 288 119
68 270 65 289 120
69 270 65 289 120
70 271 66 290 121
71 271 68 290 123
72 273 68 292 123
73 274 68 293 123
74 275 68 294 123
75 276 68 295 123
76 277 68 296 123
77 278 68 297 123
78 279 68 298 123
79 280 68 299 123
80 281 68 300 123
81 282 68 301 123
82 282 68 301 123
83 282 68 301 123
84 283 68 302 123
85 284 68 303 123
86 285 68 304 123
87 286 68 305 123
88 286 68 305 123
89 287 70 306 125
90 287 70 306 125
91 288 70 307 125
92 289 70 308 125
93 291 70 310 125
94 293 70 312 125
95 294 70 313 125
96 294 70 313 125
97 295 70 314 125
98 296 70 315 125
99 297 70 316 125
100 298 70 317 125
101 299 70 318 125
102 300 70 319 125
103 301 70 320 125
104 302 70 321 125
105 303 70 322 125
106 304 70 323 125
107 305 70 324 125
108 305 70 324 125
109 306 71 325 126
110 307 71 326 126
111 308 72 327 127
112 308 73 327 128
113 309 73 328 128
114 310 73 329 128
115 310 75 329 130
116 312 75 331 130
117 312 75 331 130
118 312 75 331 130
119 312 75 331 130
120 312 75 331 130
121 312 75 331 130
122 312 75 331 130
123 312 75 331 130
124 312 75 331 130
125 315 76 334 131
126 315 76 334 131
127 315 76 334 131
128 317 76 336 131
129 318 76 337 131
130 318 76 337 131
131 318 76 337 131
132 318 76 337 131
133 320 77 339 132
134 320 77 339 132
135 320 77 339 132
136 320 77 339 132
137 322 78 341 133
138 322 78 341 133
139 322 78 341 133
140 322 78 341 133
141 322 78 341 133
142 322 79 341 134
143 322 80 341 135
144 322 81 341 136
145 322 82 341 137
146 322 83 341 138
147 322 84 341 139
148 323 84 342 139
149 323 84 342 139
150 324 84 343 139
151 325 84 344 139
152 326 84 345 139
153 327 84 346 139
154 328 84 347 139
155 328 85 347 140
156 328 86 347 141
157 328 87 347 142
158 328 88 347 143
159 328 87 347 142
160 328 88 347 143
161 328 88 347 143
162 328 89 347 144
163 328 90 347 145
164 328 91 347 146
165 328 92 347 147
166 328 93 347 148
167 328 94 347 149
168 328 95 347 150
169 329 95 348 150
170 330 95 349 150
171 331 95 350 150
172 332 95 351 150
173 333 90 354 148
174 333 91 354 149
175 333 92 354 150
176 333 93 354 151
177 333 92 354 150
178 334 92 355 150
179 334 93 355 151
180 334 92 355 150
181 334 93 355 151
182 334 93 355 151
183 335 93 356 151
184 335 93 356 151
185 335 93 356 151
186 335 93 356 151
187 336 93 357 151
188 337 93 358 151
189 337 95 358 153
190 339 97 360 155
191 339 98 360 156
192 339 99 360 157
193 339 100 360 158
194 339 99 360 157
195 339 99 360 157
196 339 100 360 158
197 340 100 361 158
198 341 100 362 158
199 341 101 362 159
200 340 101 361 159
201 340 102 361 160
202 341 102 362 160
203 341 103 362 161
204 341 104 362 162
205 341 105 362 163
206 341 104 362 162
207 341 105 362 163
208 341 107 362 165
209 341 108 362 166
210 340 108 361 166
211 341 108 362 166
212 341 109 362 167
213 340 109 361 167
214 340 110 361 168
215 340 111 361 169
216 340 112 361 170
217 340 111 361 169
218 340 110 361 168
219 340 109 361 167
220 340 108 361 166
221 340 109 361 167
222 340 110 361 168
223 340 111 361 169
224 340 112 361 170
225 340 112 361 170
226 340 112 361 170
227 340 113 361 171
228 340 114 361 172
229 340 115 361 173
230 340 116 361 174
231 340 117 361 175
232 340 118 361 176
233 340 119 361 177
234 340 120 361 178
235 340 121 361 179
236 339 118 360 176
237 339 117 360 175
238 339 116 360 174
239 339 115 360 173
240 339 114 360 172
241 339 115 360 173
242 339 116 360 174
243 338 116 359 174
244 337 117 358 175
245 337 118 358 176
246 337 119 358 177
247 337 120 358 178
248 337 121 358 179
249 337 122 358 180
250 337 123 358 181
251 334 117 358 197
252 335 117 359 197
253 335 118 359 198
254 334 118 358 198
255 333 118 357 198
256 332 118 356 198
257 331 118 355 198
258 332 118 356 198
259 331 118 355 198
260 332 118 356 198
261 331 118 355 198
262 332 118 356 198
263 331 118 355 198
264 332 118 356 198
265 331 119 355 199
266 331 120 355 200
267 333 121 357 201
268 334 121 358 201
269 335 122 359 202
270 335 123 359 203
271 335 124 359 204
272 335 125 359 205
273 335 126 359 206
274 335 127 359 207
275 335 128 359 208
276 335 127 359 207
277 335 128 359 208
278 335 129 359 209
279 334 129 358 209
280 335 129 359 209
281 335 129 359 209
282 334 129 358 209
283 335 129 359 209
284 334 129 358 209
285 335 129 359 209
286 334 129 358 209
287 335 129 359 209
288 334 129 358 209
289 335 129 359 209
290 334 129 358 209
291 334 130 358 210
292 334 131 358 211
293 334 132 358 212
294 334 133 358 213
295 334 134 358 214
296 334 135 358 215
297 334 136 358 216
298 334 137 358 217
299 334 138 358 218
300 334 139 358 219
301 334 140 358 220
302 334 141 358 221
303 334 142 358 222
304 334 143 358 223
305 334 144 358 224
306 334 145 358 225
307 334 144 358 224
308 332 144 356 224
309 331 145 355 225
310 331 146 355 226
311 330 147 354 227
312 329 147 353 227
313 330 147 354 227
314 329 147 353 227
315 329 148 353 228
316 329 149 353 229
317 329 149 353 229
318 328 149 352 229
319 328 150 352 230
320 329 151 353 231
321 328 151 352 231
322 328 152 352 232
323 328 153 352 233
324 329 154 353 234
325 328 154 352 234
326 329 155 353 235
327 328 156 352 236
328 328 156 352 236
329 329 156 353 236
330 329 157 353 237
331 329 158 353 238
332 328 155 360 249
333 328 156 360 250
334 328 157 360 251
335 327 157 359 251
336 327 158 359 252
337 326 158 358 252
338 325 158 357 252
339 324 158 356 252
340 324 159 356 253
341 323 159 355 253
342 324 159 356 253
343 323 159 355 253
344 324 159 356 253
345 323 159 355 253
346 324 159 356 253
347 323 159 355 253
348 324 159 356 253
349 323 159 355 253
350 324 159 356 253
351 323 159 355 253
352 324 159 356 253
353 323 159 355 253
354 324 159 356 253
355 323 161 355 255
356 323 162 355 256
357 323 163 355 257
358 323 164 355 258
359 323 165 355 259
360 323 166 355 260
361 323 167 355 261
362 323 168 355 262
363 323 169 355 263
364 323 170 355 264
365 323 171 355 265
366 322 171 354 265
367 322 172 354 266
368 321 172 353 266
369 321 173 353 267
370 322 173 354 267
371 321 173 353 267
372 321 177 353 271
373 321 178 353 272
374 321 179 353 273
375 321 180 353 274
376 321 181 353 275
377 321 182 353 276
378 321 183 353 277
379 321 184 353 278
380 321 183 353 277
381 321 184 353 278
382 321 185 353 279
383 321 186 353 280
384 321 187 353 281
385 321 188 353 282
386 321 189 353 283
387 321 188 353 282
388 321 187 353 281
389 321 188 353 282
390 321 189 353 283
391 321 190 353 284
392 321 191 353 285
393 321 192 353 286
394 321 193 353 287
395 321 192 353 286
396 321 193 353 287
397 321 194 353 288
398 321 193 353 287
399 321 192 353 286
400 321 193 353 287
401 320 193 352 287
402 319 193 351 287
403 320 193 352 287
404 319 193 351 287
405 321 192 353 286
406 322 192 354 286
407 323 192 355 286
408 324 192 356 286
409 325 192 357 286
410 326 192 358 286
411 327 192 359 286
412 328 192 360 286
413 329 192 361 286
414 330 192 362 286
415 331 192 363 286
416 332 192 364 286
417 333 192 365 286
418 334 192 366 286
419 335 192 367 286
420 336 192 368 286
421 337 192 369 286
422 336 192 368 286
423 337 192 369 286
424 336 192 368 286
425 337 192 369 286
426 336 192 368 286
427 337 192 369 286
428 336 192 368 286
429 337 192 369 286
430 336 192 368 286
431 338 192 370 286
432 340 194 372 288
433 341 194 373 288
434 342 195 374 289
435 343 195 375 289
436 344 195 376 289
437 345 195 377 289
438 344 195 376 289
439 335 217 394 285
440 336 217 395 285
441 337 217 396 285
442 338 217 397 285
443 339 217 398 285
444 340 217 399 285
445 341 217 400 285
446 342 217 401 285
447 343 217 402 285
448 344 217 403 285
449 345 217 404 285
450 344 217 403 285
451 345 217 404 285
452 344 217 403 285
453 343 217 402 285
454 344 217 403 285
455 343 217 402 285
456 342 217 401 285
457 341 217 400 285
458 340 217 399 285
459 337 200 383 275
460 336 200 382 275
461 337 200 383 275
462 336 200 382 275
463 336 200 382 275
464 335 200 381 275
465 337 197 371 270
466 336 197 370 270
467 337 197 371 270
468 336 197 370 270
469 335 197 369 270
470 334 197 368 270
471 333 197 367 270
472 332 197 366 270
473 331 197 365 270
474 331 187 361 264
475 332 187 362 264
476 333 187 363 264
477 334 187 364 264
478 334 186 364 263
479 334 185 364 262
480 334 184 364 261
481 334 183 364 260
482 334 182 364 259
483 334 181 364 258
484 334 180 364 257
485 334 179 364 256
486 334 178 364 255
487 334 177 364 254
488 334 176 364 253
489 333 169 365 269
490 333 168 365 268
491 333 167 365 267
492 334 167 366 267
493 334 166 366 266
494 334 165 366 265
495 334 164 366 264
496 334 163 366 263
497 334 162 366 262
498 334 163 366 263
499 334 162 366 262
500 334 161 366 261
501 334 162 366 253
502 334 161 366 252
503 334 160 366 251
504 334 159 366 250
505 334 158 366 249
506 334 157 366 248
507 334 156 366 247
508 334 155 366 246
509 334 154 366 245
510 334 155 366 246
511 334 154 366 245
512 334 155 366 246
513 334 154 366 245
514 334 153 366 244
515 334 152 366 243
516 334 151 366 242
517 334 150 366 241
518 334 151 366 242
519 334 150 366 241
520 334 149 366 240
521 334 148 366 239
522 334 147 366 238
523 334 146 366 237
524 334 145 366 236
525 334 144 366 235
526 334 143 366 234
527 334 142 366 233
528 334 143 366 234
529 334 142 366 233
530 336 144 366 230
531 336 143 366 229
532 336 142 366 228
533 336 142 366 228
534 336 143 366 229
535 336 142 366 228
536 336 141 366 227
537 336 140 366 226
538 336 139 366 219
539 336 138 366 218
540 336 137 366 217
541 336 136 366 216
542 336 135 366 215
543 336 134 366 214
544 336 133 366 213
545 336 132 366 212
546 336 133 366 213
547 336 132 366 212
548 336 131 366 211
549 336 130 366 210
550 336 129 366 209
551 336 128 366 208
552 336 127 366 207
553 336 126 366 206
554 336 125 366 205
555 336 124 366 204
556 336 123 366 203
557 336 124 366 204
558 336 125 366 205
559 336 126 366 206
560 336 125 366 205
561 340 124 366 204
562 340 123 366 203
563 340 122 366 202
564 340 121 366 201
565 340 120 366 200
566 340 120 366 199
567 340 119 366 198
568 340 120 366 199
569 340 121 366 200
570 340 121 366 200
571 340 120 366 199
572 340 119 366 198
573 340 118 366 197
574 340 117 366 196
575 340 116 366 195
576 340 115 366 194
577 338 115 364 194
578 337 115 363 194
579 335 115 361 194
580 334 115 360 194
581 334 114 360 193
582 334 113 360 192
583 334 112 360 191
584 334 111 360 190
585 333 111 359 190
586 332 111 358 190
587 331 111 357 190
588 331 110 357 189
589 331 109 357 188
590 330 109 356 188
591 329 109 355 188
592 328 109 354 188
593 327 109 353 188
594 326 109 352 188
595 325 109 351 188
596 324 109 350 188
597 324 107 350 186
598 322 105 348 184
599 321 103 347 182
600 321 102 347 181
601 321 100 347 179
602 320 99 346 178
603 319 98 345 177
604 318 98 344 177
605 317 98 343 177
606 316 97 342 176
607 316 96 342 175
608 316 100 342 172
609 316 99 342 171
610 314 98 340 170
611 313 98 339 170
612 312 97 338 169
613 311 97 337 169
614 310 97 336 169
615 309 97 335 169
616 308 97 334 169
617 307 97 333 169
618 306 97 332 169
619 306 96 330 165
620 306 94 330 163
621 306 93 330 162
622 306 92 330 161
623 306 91 330 160
624 306 90 330 159
625 306 89 330 158
626 306 88 330 157
627 305 88 329 157
628 305 87 329 156
629 305 86 329 155
630 303 88 326 153
631 303 87 326 152
632 303 88 326 153
633 302 88 325 153
634 301 88 324 153
635 300 88 323 153
636 299 88 322 153
637 299 87 322 152
638 299 86 322 151
639 298 86 321 151
640 298 85 321 150
641 299 85 322 150
642 299 84 322 149
643 299 83 322 148
644 299 84 322 149
645 298 84 321 149
646 297 84 320 149
647 296 84 319 149
648 297 84 320 149
649 296 84 319 149
650 295 84 318 149
651 296 84 319 149
652 298 84 318 144
653 298 85 318 145
654 298 86 318 146
655 298 85 318 145
656 297 85 317 145
657 298 85 318 145
658 297 85 317 145
659 297 85 317 145
660 297 85 317 145
661 296 84 316 140
662 296 83 316 139
663 295 83 315 139
664 295 82 315 138
665 294 82 314 138
666 294 81 314 137
667 294 80 314 136
668 294 79 314 135
669 294 78 314 134
670 294 77 314 133
671 294 78 314 134
672 294 77 314 133
673 294 76 314 132
674 294 75 314 131
675 294 74 314 130
676 294 76 314 132
677 293 77 313 133
678 293 76 313 132
679 293 77 313 133
680 293 76 313 132
681 293 77 313 133
682 293 76 313 132
683 292 76 312 132
684 290 76 310 132
685 289 76 309 132
686 288 76 308 132
687 287 75 307 131
688 286 74 306 130
689 285 74 305 130
690 284 74 304 130
691 284 73 304 129
692 283 73 303 129
693 284 73 304 129
694 283 73 303 129
695 282 73 302 129
696 281 73 301 129
697 280 73 300 129
698 279 73 299 129
699 279 73 299 129
700 278 73 298 129
701 277 73 297 129
702 277 72 297 128
703 276 72 296 128
704 275 72 295 128
705 274 72 294 128
706 273 72 293 128
707 274 72 294 128
708 273 72 293 128
709 272 72 292 128
710 271 72 291 128
711 270 72 290 128
712 269 72 289 128
713 269 71 289 127
714 268 71 288 127
715 268 70 288 126
716 267 70 287 126
717 266 70 286 126
718 265 70 285 126
719 264 70 284 126
720 263 70 283 126
721 262 70 282 126
722 261 70 281 126
723 260 70 280 126
724 260 69 280 125
725 260 67 279 122
726 259 66 278 121
727 258 66 277 121
728 257 66 276 121
729 256 66 275 121
730 255 66 274 121
731 254 66 273 121
732 253 66 272 121
733 252 66 271 121
734 251 66 270 121
735 250 66 269 121
736 250 62 269 117
737 249 62 267 113
738 248 62 266 113
739 247 62 265 113
740 246 62 264 113
741 245 62 263 113
742 244 62 262 113
743 243 62 261 113
744 242 62 260 113
745 241 62 259 113
746 240 62 258 113
747 239 62 257 113
748 238 62 256 113
749 237 62 255 113
750 236 63 252 111
751 235 63 251 111
752 233 63 249 111
753 232 63 248 111
754 231 63 247 111
755 230 63 246 111
756 229 63 245 111
757 228 63 244 111
758 227 63 243 111
759 225 63 241 111
760 223 63 239 111
761 222 63 238 111
762 220 63 236 111
763 219 63 235 111
764 218 63 234 111
765 217 63 233 111
766 218 63 231 111
767 217 63 230 111
768 217 63 230 111
769 216 63 229 111
