777
17 218 120 229 175
18 219 120 230 175
19 217 120 231 175
20 217 120 232 175
21 218 120 235 175
22 218 120 235 175
23 220 120 237 175
24 221 120 238 175
25 222 120 239 175
26 223 120 240 175
27 225 120 242 175
28 226 120 243 175
29 227 120 244 175
30 228 120 245 175
31 230 120 247 175
32 230 120 247 175
33 232 120 249 175
34 233 120 250 175
35 235 120 252 175
36 236 120 253 175
37 238 120 255 175
38 240 120 257 175
39 240 120 258 175
40 242 120 260 175
41 240 120 261 175
42 243 120 264 175
43 245 120 266 175
44 245 120 265 175
45 247 120 267 175
46 249 121 269 176
47 249 121 269 176
48 251 121 271 176
49 252 121 272 176
50 251 121 274 180
51 253 121 273 176
52 255 121 275 176
53 255 121 275 176
54 257 123 277 179
55 257 123 277 179
56 258 123 278 179
57 258 123 279 180
58 260 123 281 180
59 260 123 281 180
60 260 123 281 180
61 262 123 283 180
62 263 123 284 180
63 264 123 285 180
64 265 124 286 181
65 266 124 287 181
66 267 124 288 181
67 268 124 289 181
68 267 124 288 182
69 269 124 290 182
70 269 124 290 182
71 269 123 294 185
72 272 124 293 182
73 272 124 293 182
74 273 124 294 182
75 275 125 296 183
76 275 125 296 183
77 275 125 296 183
78 276 126 297 184
79 277 127 298 185
80 278 127 299 186
81 279 127 300 186
82 280 127 301 186
83 281 127 302 186
84 282 128 303 187
85 283 127 304 186
86 284 127 305 186
87 284 127 305 186
88 286 127 307 186
89 287 127 308 186
90 288 128 310 187
91 290 128 312 187
92 292 128 314 187
93 292 128 314 187
94 291 128 314 187
95 292 129 315 188
96 293 129 316 188
97 294 129 317 188
98 295 129 318 188
99 296 129 319 188
100 297 129 320 188
101 298 129 321 188
102 299 129 322 188
103 300 130 322 189
104 301 130 323 189
105 302 131 324 190
106 302 132 324 191
107 303 133 325 192
108 304 131 326 191
109 304 130 326 190
110 305 131 327 191
111 305 133 327 193
112 305 131 327 192
113 306 131 328 192
114 307 131 329 192
115 308 131 330 192
116 308 131 330 192
117 308 131 331 192
118 309 131 332 192
119 310 133 333 194
120 310 133 333 194
121 311 134 334 195
122 312 134 335 195
123 312 135 335 196
124 313 135 336 197
125 313 134 336 196
126 314 134 337 196
127 314 134 337 196
128 316 134 339 196
129 316 134 339 196
130 317 134 340 196
131 317 134 340 196
132 318 136 341 198
133 318 136 341 198
134 318 136 341 198
135 318 137 341 199
136 319 137 342 199
137 319 136 342 198
138 320 137 343 200
139 320 138 343 201
140 320 137 343 200
141 320 137 343 200
142 322 137 345 200
143 322 138 345 201
144 321 137 344 202
145 323 138 346 203
146 323 139 346 204
147 323 140 346 205
148 324 141 347 206
149 324 140 347 205
150 324 141 347 206
151 324 141 347 206
152 324 141 347 206
153 325 141 348 206
154 325 140 348 205
155 326 141 349 206
156 325 143 348 208
157 326 143 349 209
158 326 143 349 209
159 325 143 348 209
160 327 143 350 209
161 327 143 350 209
162 327 145 350 211
163 327 145 350 211
164 327 145 350 211
165 329 146 352 212
166 329 145 352 211
167 330 145 352 213
168 331 144 353 212
169 332 146 354 214
170 332 147 354 215
171 332 148 354 216
172 332 149 354 217
173 332 149 354 217
174 333 149 355 217
175 333 150 355 218
176 334 149 356 219
177 334 150 356 220
178 334 151 356 221
179 334 151 356 221
180 334 150 356 220
181 336 151 358 221
182 337 152 359 222
183 337 152 359 222
184 338 152 360 222
185 338 152 360 222
186 339 153 361 223
187 339 151 361 227
188 339 151 361 227
189 340 152 362 228
190 340 154 362 230
191 340 154 362 230
192 339 154 363 230
193 340 154 364 230
194 339 155 363 231
195 340 156 364 232
196 340 155 364 231
197 339 156 363 232
198 339 157 363 233
199 339 158 363 234
200 339 158 363 234
201 339 158 363 234
202 340 159 364 235
203 339 156 363 235
204 339 157 363 236
205 340 158 364 237
206 340 158 364 237
207 340 159 364 238
208 340 160 364 239
209 340 161 364 240
210 340 162 364 241
211 340 161 364 240
212 340 161 364 240
213 340 160 364 239
214 340 162 364 241
215 341 163 365 242
216 341 162 365 241
217 341 163 365 242
218 341 162 365 241
219 340 163 364 242
220 339 164 363 243
221 340 164 364 243
222 339 164 363 243
223 339 165 363 244
224 340 166 364 245
225 338 166 362 245
226 338 166 362 245
227 338 167 362 246
228 337 166 361 245
229 338 166 363 248
230 338 166 363 248
231 338 166 363 248
232 336 166 361 248
233 336 167 361 249
234 336 167 361 249
235 336 168 361 250
236 336 169 361 251
237 335 170 360 252
238 336 171 361 253
239 336 171 361 253
240 335 171 360 253
241 335 171 360 253
242 335 171 360 253
243 335 171 360 253
244 333 171 359 253
245 333 172 359 254
246 333 172 359 254
247 333 173 359 255
248 333 174 359 256
249 333 175 359 257
250 333 176 359 258
251 333 176 359 258
252 333 176 359 258
253 333 176 359 258
254 332 177 358 259
255 333 178 359 260
256 332 177 358 260
257 332 178 358 261
258 332 177 358 260
259 332 178 358 261
260 332 179 358 262
261 332 179 358 262
262 332 180 358 263
263 333 181 359 264
264 333 181 359 267
265 333 182 359 268
266 333 182 359 268
267 332 183 358 269
268 333 184 359 270
269 334 184 360 270
270 334 184 360 270
271 334 184 360 270
272 334 184 360 270
273 334 184 360 270
274 334 185 360 271
275 334 186 360 272
276 335 187 361 273
277 334 186 360 274
278 335 188 361 276
279 335 189 361 277
280 334 189 360 277
281 334 190 360 278
282 334 190 360 278
283 334 189 361 277
284 334 189 361 277
285 334 190 361 278
286 334 190 361 278
287 334 191 361 280
288 334 190 361 281
289 334 191 361 282
290 333 192 360 283
291 333 193 360 284
292 333 194 360 285
293 333 194 361 285
294 333 195 361 286
295 332 195 360 286
296 332 196 360 287
297 332 197 360 290
298 332 196 360 289
299 332 196 360 289
300 332 197 360 290
301 331 197 359 290
302 331 198 359 291
303 331 197 359 290
304 330 198 359 291
305 330 199 359 292
306 329 200 358 293
307 329 201 358 294
308 329 202 358 295
309 328 202 357 295
310 329 203 358 296
311 329 204 358 297
312 328 204 357 297
313 328 205 357 298
314 328 204 357 297
315 328 204 357 297
316 328 205 357 301
317 329 205 358 301
318 329 206 358 302
319 328 207 357 303
320 328 208 357 304
321 328 210 357 306
322 329 211 359 307
323 328 209 358 307
324 329 210 359 308
325 329 209 359 307
326 329 209 359 307
327 329 210 359 308
328 329 211 359 309
329 329 211 359 309
330 329 213 359 311
331 329 215 359 313
332 328 216 358 314
333 328 216 358 314
334 329 217 359 315
335 328 217 358 315
336 327 217 357 318
337 327 217 357 318
338 328 218 358 319
339 327 218 359 319
340 324 218 356 319
341 325 218 357 319
342 324 219 356 320
343 324 219 356 320
344 324 220 356 321
345 324 220 356 321
346 324 221 356 322
347 324 223 356 324
348 324 223 356 327
349 324 223 356 327
350 324 224 356 328
351 324 226 356 330
352 324 226 356 330
353 324 224 356 328
354 324 226 356 330
355 324 225 356 329
356 323 225 355 329
357 323 226 357 330
358 322 227 356 331
359 321 229 355 333
360 321 230 355 334
361 321 229 355 333
362 321 230 355 334
363 320 231 354 335
364 321 231 355 336
365 320 232 354 337
366 319 232 353 337
367 320 232 354 337
368 320 233 354 338
369 320 232 354 337
370 320 234 354 339
371 320 232 354 341
372 320 233 354 342
373 320 234 354 343
374 320 234 354 343
375 320 235 354 344
376 320 236 354 345
377 320 235 354 347
378 322 235 356 347
379 322 236 356 348
380 321 237 355 349
381 320 237 354 349
382 321 237 355 349
383 322 236 356 348
384 321 237 355 349
385 320 238 355 350
386 320 238 355 350
387 321 238 356 350
388 321 240 356 352
389 320 241 355 353
390 320 242 355 354
391 320 243 355 355
392 320 243 355 355
393 318 243 354 355
394 319 244 355 356
395 318 244 354 356
396 318 244 354 356
397 317 244 353 356
398 318 244 354 356
399 317 244 353 356
400 318 244 354 356
401 319 244 355 356
402 319 244 355 356
403 319 244 355 356
404 321 244 357 356
405 320 244 356 356
406 322 244 358 356
407 322 245 359 357
408 323 247 360 359
409 323 248 360 360
410 326 249 363 361
411 327 249 364 361
412 327 248 364 360
413 328 249 365 361
414 329 249 366 361
415 330 248 367 360
416 331 247 368 359
417 331 248 368 360
418 331 248 368 360
419 331 249 368 361
420 331 248 368 360
421 331 249 368 361
422 333 248 370 360
423 333 249 370 361
424 334 249 371 361
425 333 249 371 361
426 334 250 373 362
427 335 251 374 363
428 334 251 375 363
429 334 251 375 363
430 335 260 379 361
431 335 261 379 362
432 337 262 381 363
433 338 263 383 364
434 337 263 385 364
435 339 263 387 364
436 338 263 388 364
437 340 263 391 364
438 339 270 392 366
439 339 272 397 363
440 341 273 399 364
441 343 273 401 364
442 343 275 403 364
443 344 273 404 362
444 344 276 404 365
445 344 278 404 367
446 345 279 402 359
447 346 280 403 360
448 346 279 403 359
449 346 279 403 359
450 346 277 403 357
451 343 275 400 357
452 343 275 400 358
453 341 274 398 360
454 339 270 396 360
455 337 270 394 360
456 335 269 392 359
457 335 266 392 356
458 337 264 389 359
459 336 263 388 358
460 336 261 388 356
461 336 261 388 356
462 337 261 385 356
463 336 260 384 355
464 336 258 377 353
465 334 258 375 355
466 334 257 375 354
467 334 254 375 353
468 334 254 375 356
469 333 252 371 354
470 332 249 370 355
471 330 248 368 354
472 330 247 368 353
473 332 245 370 353
474 333 244 368 355
475 333 242 368 353
476 332 241 367 352
477 332 240 367 351
478 330 238 365 349
479 328 238 365 349
480 330 240 367 348
481 330 238 367 346
482 330 236 367 344
483 330 237 367 345
484 330 236 367 344
485 330 233 367 341
486 330 231 367 339
487 330 229 367 337
488 332 227 369 335
489 332 228 369 336
490 332 229 369 336
491 333 228 370 335
492 332 227 369 334
493 332 226 369 333
494 330 226 368 333
495 330 225 368 332
496 330 222 368 329
497 330 221 368 328
498 330 220 368 327
499 330 219 368 326
500 330 218 368 325
501 330 217 368 324
502 332 215 370 322
503 332 214 372 321
504 332 214 373 321
505 332 213 373 320
506 332 212 373 319
507 332 211 373 318
508 332 210 373 317
509 332 212 373 319
510 332 211 373 318
511 333 212 374 313
512 333 211 371 312
513 333 210 371 311
514 333 209 371 310
515 333 209 371 310
516 334 209 369 310
517 334 209 369 310
518 334 209 369 310
519 334 208 366 309
520 335 207 367 308
521 334 206 366 307
522 334 205 366 306
523 335 204 367 305
524 335 202 367 303
525 336 202 369 300
526 336 201 369 299
527 333 200 371 298
528 336 199 374 297
529 336 198 374 296
530 336 201 374 299
531 336 200 374 298
532 335 199 373 297
533 335 197 373 295
534 336 198 374 294
535 336 195 374 291
536 336 197 374 291
537 336 196 371 290
538 336 194 369 288
539 336 194 369 288
540 336 194 369 288
541 338 195 369 289
542 336 194 367 288
543 337 193 368 287
544 336 193 367 287
545 336 193 367 284
546 336 192 367 283
547 336 190 367 281
548 337 190 367 281
549 338 189 369 280
550 338 189 370 280
551 337 188 369 279
552 337 188 369 279
553 337 188 369 279
554 338 187 371 279
555 338 186 371 278
556 337 185 370 277
557 339 186 372 278
558 338 185 371 275
559 339 185 372 275
560 338 184 371 274
561 338 182 371 272
562 339 180 370 270
563 338 181 369 271
564 338 182 369 272
565 336 180 367 270
566 337 180 368 270
567 337 181 368 271
568 337 180 368 270
569 337 179 368 269
570 336 178 367 268
571 337 176 366 266
572 336 174 365 264
573 337 176 367 263
574 336 175 366 262
575 336 176 366 263
576 336 174 367 261
577 335 176 368 260
578 334 175 367 259
579 334 174 367 258
580 334 173 367 257
581 334 174 367 258
582 332 173 365 257
583 332 172 365 256
584 332 171 362 254
585 332 169 361 252
586 331 168 360 251
587 331 170 360 253
588 328 170 357 253
589 329 169 358 252
590 328 169 356 252
591 328 170 356 253
592 326 168 354 251
593 327 167 355 250
594 325 166 352 249
595 325 164 352 247
596 325 163 352 246
597 323 163 352 244
598 322 164 351 245
599 322 163 352 244
600 322 162 352 243
601 320 162 350 243
602 320 161 350 242
603 319 163 349 242
604 317 161 347 240
605 317 161 347 240
606 316 161 345 240
607 313 160 342 239
608 313 161 342 240
609 313 159 342 238
610 311 158 340 237
611 311 158 340 237
612 311 157 338 236
613 310 157 337 236
614 310 157 337 236
615 310 156 337 235
616 309 155 336 234
617 309 154 337 233
618 307 153 335 232
619 307 154 335 233
620 308 153 336 232
621 306 153 334 229
622 307 152 335 228
623 306 152 334 228
624 305 152 333 228
625 303 150 331 226
626 303 151 331 227
627 302 149 330 225
628 302 150 330 226
629 300 149 328 225
630 300 151 326 225
631 301 151 327 225
632 300 150 326 224
633 299 148 325 222
634 298 148 324 222
635 299 147 325 221
636 299 145 325 219
637 299 144 325 218
638 299 146 327 217
639 298 145 326 216
640 298 146 327 217
641 298 145 327 216
642 298 147 327 218
643 298 147 327 220
644 297 146 326 219
645 297 145 326 215
646 298 145 326 215
647 296 143 324 214
648 296 143 324 214
649 295 143 323 214
650 295 142 323 213
651 295 141 323 212
652 296 140 320 211
653 295 140 319 211
654 295 140 319 211
655 296 139 319 210
656 295 140 318 211
657 295 139 318 210
658 296 138 319 209
659 296 139 319 209
660 295 138 318 208
661 293 138 318 208
662 295 137 320 207
663 294 138 319 208
664 294 137 321 207
665 294 137 321 206
666 294 137 322 206
667 293 136 321 205
668 293 137 321 206
669 292 137 320 206
670 292 136 320 205
671 292 134 320 203
672 292 134 320 203
673 290 135 318 204
674 289 134 317 203
675 289 133 317 202
676 289 132 317 201
677 290 134 315 200
678 288 133 313 199
679 289 135 314 201
680 289 135 314 201
681 287 135 312 201
682 286 134 311 200
683 287 134 312 200
684 287 133 312 199
685 285 131 310 197
686 286 132 311 198
687 285 130 310 196
688 284 130 309 196
689 283 130 310 196
690 283 131 310 197
691 283 130 310 196
692 283 129 310 195
693 283 131 310 197
694 281 131 308 197
695 280 130 307 196
696 280 130 307 196
697 278 129 305 195
698 277 128 304 194
699 277 128 304 194
700 275 128 302 194
701 274 128 301 194
702 273 128 300 194
703 272 127 299 193
704 271 127 298 193
705 274 127 298 193
706 272 127 296 193
707 271 127 295 193
708 270 127 294 193
709 270 128 294 191
710 269 127 293 190
711 268 127 292 190
712 267 127 291 190
713 267 126 291 189
714 266 126 290 189
715 266 126 290 189
716 266 126 290 189
717 264 125 290 188
718 263 125 289 188
719 264 125 290 188
720 262 125 288 188
721 260 125 286 188
722 259 125 285 188
723 259 124 285 187
724 258 123 283 186
725 258 123 283 186
726 256 123 281 186
727 255 123 280 186
728 256 123 281 186
729 254 123 279 186
730 254 123 279 186
731 252 123 277 186
732 251 123 276 186
733 250 121 275 184
734 250 121 275 184
735 250 121 271 184
736 249 120 270 183
737 248 119 269 182
738 248 118 269 181
739 247 121 269 184
740 247 119 271 182
741 244 119 268 182
742 242 123 268 182
743 242 123 268 182
744 240 123 266 182
745 239 122 265 181
746 237 120 263 179
747 238 120 259 179
748 236 120 257 179
749 234 120 255 179
750 233 120 254 179
751 232 120 253 179
752 231 120 252 179
753 230 120 251 179
754 229 120 248 179
755 227 120 246 179
756 225 121 244 178
757 225 121 244 178
758 223 119 242 176
759 221 119 240 176
760 220 118 239 175
761 220 117 239 174
762 220 119 238 176
763 219 119 237 176
764 218 119 236 176
765 217 119 235 176
766 218 119 235 176
767 217 120 234 177
768 216 120 231 175
769 215 123 228 175
770 214 123 225 175
771 216 123 224 175
