781
21 654 178 699 342
22 656 178 701 342
23 659 178 704 342
24 662 178 707 342
25 664 178 709 342
26 668 178 713 342
27 672 178 717 342
28 676 178 721 342
29 679 178 724 342
30 685 178 730 342
31 688 178 733 342
32 691 178 736 342
33 694 178 739 342
34 696 178 741 342
35 702 178 747 342
36 706 178 751 342
37 709 178 754 342
38 714 178 759 342
39 720 181 765 345
40 720 181 765 345
41 728 182 773 346
42 733 183 778 347
43 737 185 782 349
44 742 186 787 350
45 747 187 792 351
46 750 187 795 351
47 754 187 799 351
48 757 187 802 351
49 760 187 805 351
50 762 187 807 351
51 764 187 809 351
52 765 187 810 351
53 768 187 813 351
54 773 187 818 351
55 777 188 822 352
56 780 188 825 352
57 783 188 828 352
58 786 188 831 352
59 789 188 834 352
60 792 188 837 352
61 795 188 840 352
62 798 188 843 352
63 801 188 846 352
64 805 193 850 357
65 806 193 851 357
66 807 193 852 357
67 809 193 854 357
68 811 194 856 358
69 814 195 859 359
70 818 195 863 359
71 822 199 867 363
72 825 203 870 367
73 828 205 873 369
74 831 205 876 369
75 832 207 877 371
76 834 208 879 372
77 838 205 883 369
78 840 205 885 369
79 844 205 889 369
80 846 206 891 370
81 849 207 894 371
82 850 208 895 372
83 851 210 896 374
84 853 211 898 375
85 855 211 900 375
86 858 211 903 375
87 861 212 906 376
88 863 212 908 376
89 865 212 910 376
90 867 212 912 376
91 871 212 916 376
92 874 212 919 376
93 877 212 922 376
94 881 212 926 376
95 884 213 929 377
96 886 213 931 377
97 892 213 937 377
98 895 213 940 377
99 899 213 944 377
100 902 213 947 377
101 905 213 950 377
102 909 213 954 377
103 913 218 958 382
104 916 218 961 382
105 917 218 962 382
106 918 218 963 382
107 919 218 964 382
108 922 219 967 383
109 923 221 968 385
110 925 222 970 386
111 928 222 973 386
112 929 222 974 386
113 932 223 977 387
114 933 224 978 388
115 934 225 979 389
116 938 226 983 390
117 938 228 983 392
118 939 228 984 392
119 941 228 986 392
120 941 228 986 392
121 944 229 989 393
122 946 230 991 394
123 949 231 994 395
124 952 232 997 396
125 954 233 999 397
126 956 233 1001 397
127 958 233 1003 397
128 959 233 1004 397
129 960 233 1005 397
130 961 233 1006 397
131 962 233 1007 397
132 963 233 1008 397
133 968 236 1013 400
134 968 238 1013 402
135 970 238 1015 402
136 971 239 1016 403
137 970 240 1015 404
138 971 241 1016 405
139 972 241 1017 405
140 973 242 1018 406
141 974 243 1019 407
142 975 244 1020 408
143 977 245 1022 409
144 978 246 1023 410
145 974 246 1029 415
146 974 249 1029 418
147 976 250 1031 419
148 978 251 1033 420
149 978 253 1033 422
150 978 255 1033 424
151 980 255 1035 424
152 981 255 1038 424
153 982 256 1039 425
154 983 257 1040 426
155 982 257 1039 426
156 983 257 1040 426
157 984 258 1041 427
158 984 259 1041 428
159 984 261 1041 430
160 984 263 1041 432
161 984 265 1041 434
162 984 267 1041 436
163 984 269 1041 438
164 984 271 1041 440
165 984 272 1041 441
166 984 273 1041 442
167 988 269 1052 443
168 988 270 1052 444
169 992 271 1056 445
170 993 272 1057 446
171 994 273 1058 447
172 995 274 1059 448
173 995 276 1059 450
174 996 277 1060 451
175 997 278 1061 452
176 998 279 1062 453
177 999 280 1063 454
178 1000 281 1064 455
179 1001 282 1065 456
180 1001 284 1065 458
181 1001 285 1065 459
182 1001 286 1065 460
183 1005 289 1072 468
184 1008 290 1075 469
185 1010 290 1077 469
186 1013 290 1080 469
187 1015 290 1082 469
188 1017 290 1084 469
189 1017 290 1084 469
190 1017 291 1084 470
191 1017 293 1084 472
192 1018 294 1085 478
193 1019 295 1086 479
194 1021 295 1088 479
195 1020 296 1087 480
196 1021 297 1088 481
197 1020 298 1087 482
198 1021 299 1088 483
199 1021 301 1088 485
200 1021 303 1088 487
201 1021 305 1088 489
202 1021 306 1088 490
203 1021 307 1088 491
204 1021 308 1088 492
205 1021 309 1088 493
206 1021 309 1088 496
207 1021 310 1088 497
208 1021 311 1088 498
209 1021 311 1088 498
210 1021 311 1088 498
211 1021 311 1088 502
212 1021 313 1088 504
213 1021 314 1088 505
214 1021 315 1088 506
215 1021 316 1088 507
216 1021 317 1088 508
217 1021 318 1088 509
218 1021 319 1088 510
219 1021 320 1088 511
220 1021 321 1088 512
221 1021 322 1088 513
222 1021 323 1088 514
223 1021 324 1088 515
224 1021 325 1088 516
225 1021 326 1088 517
226 1021 327 1088 518
227 1021 329 1088 520
228 1018 333 1085 524
229 1018 335 1085 526
230 1016 336 1083 527
231 1016 338 1083 529
232 1014 338 1081 529
233 1014 340 1081 531
234 1014 342 1081 533
235 1014 343 1081 534
236 1014 344 1081 535
237 1014 345 1081 536
238 1014 346 1081 537
239 1014 347 1081 538
240 1014 348 1081 539
241 1014 349 1081 540
242 1014 350 1081 541
243 1014 351 1081 542
244 1010 351 1077 542
245 1009 352 1076 543
246 1006 344 1074 552
247 1004 344 1072 552
248 1002 345 1070 553
249 1001 346 1069 554
250 1000 347 1068 555
251 1000 349 1068 557
252 1000 350 1068 558
253 1000 351 1068 559
254 1000 353 1068 561
255 1000 354 1068 562
256 1000 355 1068 563
257 1000 357 1068 569
258 1000 359 1068 571
259 1000 360 1068 572
260 1000 362 1068 574
261 1000 363 1068 575
262 1000 364 1068 576
263 1000 365 1068 577
264 1000 366 1068 578
265 1003 368 1071 580
266 1003 371 1071 583
267 1003 374 1071 586
268 1003 377 1071 589
269 1003 380 1071 592
270 1003 382 1071 594
271 1004 383 1074 595
272 1004 385 1074 597
273 1004 386 1074 598
274 1004 387 1074 599
275 1004 388 1074 600
276 1004 389 1074 601
277 1004 390 1074 602
278 1004 391 1074 603
279 1004 392 1074 604
280 1004 394 1074 606
281 1004 395 1074 607
282 1004 396 1074 608
283 1004 397 1074 609
284 1004 398 1074 610
285 1004 399 1074 611
286 1004 400 1074 612
287 1004 401 1074 613
288 1004 402 1074 614
289 1004 403 1074 615
290 1004 404 1074 616
291 1004 405 1074 624
292 1004 408 1074 641
293 1004 410 1074 643
294 1002 411 1075 644
295 1002 414 1077 648
296 1001 416 1076 650
297 1001 419 1076 653
298 1001 421 1076 655
299 1001 423 1076 657
300 1001 424 1076 658
301 1001 425 1076 659
302 1001 426 1076 660
303 1001 427 1076 661
304 1001 428 1076 662
305 1001 429 1076 663
306 993 430 1073 669
307 993 431 1073 670
308 993 432 1073 671
309 993 434 1073 673
310 993 436 1073 675
311 993 438 1073 677
312 989 440 1069 679
313 989 442 1069 681
314 989 444 1069 683
315 989 445 1069 684
316 989 446 1069 685
317 989 447 1069 686
318 989 448 1069 687
319 989 450 1069 689
320 989 453 1069 692
321 989 456 1069 695
322 986 459 1069 709
323 986 461 1069 711
324 986 464 1069 714
325 986 466 1069 716
326 986 468 1069 718
327 986 470 1069 720
328 988 470 1071 720
329 988 472 1071 722
330 988 474 1071 724
331 988 476 1071 726
332 988 478 1071 728
333 988 480 1071 730
334 988 482 1071 732
335 988 483 1071 733
336 988 485 1071 735
337 988 486 1071 736
338 988 487 1071 737
339 988 488 1071 738
340 985 490 1068 740
341 984 492 1067 742
342 980 493 1065 743
343 980 493 1065 748
344 980 494 1065 750
345 980 496 1065 754
346 980 498 1065 756
347 980 501 1065 759
348 980 503 1065 761
349 980 505 1065 763
350 980 507 1065 765
351 980 509 1065 767
352 980 511 1065 769
353 980 512 1065 770
354 980 512 1065 770
355 980 513 1065 771
356 977 513 1063 771
357 977 515 1063 773
358 976 516 1062 774
359 973 517 1059 775
360 973 520 1059 778
361 973 523 1059 781
362 973 526 1059 784
363 973 529 1059 787
364 973 531 1059 789
365 973 533 1059 791
366 973 533 1059 791
367 973 535 1059 793
368 973 537 1059 795
369 973 537 1059 795
370 973 538 1059 796
371 973 542 1059 800
372 973 543 1059 801
373 973 544 1059 802
374 973 545 1059 803
375 973 546 1059 804
376 973 547 1059 805
377 973 548 1059 806
378 973 551 1059 815
379 973 553 1059 817
380 973 554 1059 818
381 973 553 1059 817
382 973 554 1059 818
383 973 555 1059 819
384 973 556 1059 820
385 973 557 1059 821
386 973 558 1059 822
387 973 559 1059 823
388 973 560 1059 824
389 973 561 1059 825
390 973 562 1059 826
391 973 563 1059 827
392 973 564 1059 828
393 973 565 1059 829
394 973 566 1059 830
395 970 566 1056 830
396 970 568 1056 832
397 968 570 1054 834
398 968 572 1054 836
399 964 573 1052 837
400 963 574 1051 838
401 963 574 1051 838
402 963 576 1051 840
403 964 577 1052 841
404 965 577 1053 841
405 967 577 1055 841
406 970 577 1058 841
407 971 577 1059 841
408 973 577 1061 841
409 974 577 1062 841
410 977 577 1065 841
411 978 577 1066 841
412 980 577 1068 841
413 981 577 1085 847
414 984 577 1088 847
415 986 577 1090 847
416 988 577 1092 847
417 990 577 1094 847
418 992 577 1096 847
419 994 577 1098 847
420 995 577 1099 847
421 996 577 1100 847
422 997 577 1101 847
423 999 582 1103 852
424 1001 582 1105 852
425 1003 582 1107 852
426 1004 582 1108 852
427 1005 582 1109 852
428 1006 582 1110 852
429 1006 582 1110 852
430 1008 582 1112 852
431 1011 584 1119 855
432 1011 584 1120 855
433 1011 584 1123 855
434 1013 584 1129 855
435 1019 608 1139 883
436 1021 608 1141 883
437 1023 608 1143 883
438 1025 608 1145 883
439 1027 608 1147 883
440 1009 634 1196 893
441 1029 655 1205 896
442 1029 655 1205 896
443 1029 655 1205 896
444 1029 655 1205 896
445 1029 655 1205 896
446 1033 663 1196 890
447 1033 663 1196 890
448 1033 663 1196 890
449 1033 663 1196 890
450 1033 663 1196 890
451 1033 663 1196 890
452 1033 663 1196 890
453 1033 663 1196 890
454 1033 663 1196 890
455 1033 663 1196 890
456 1033 644 1177 871
457 1031 644 1168 870
458 1030 638 1167 864
459 1030 636 1155 862
460 1030 636 1142 862
461 1029 636 1137 862
462 1029 636 1125 862
463 1026 636 1122 862
464 1020 611 1116 852
465 1018 611 1114 852
466 1016 611 1112 852
467 1015 600 1111 841
468 1001 588 1106 862
469 1024 580 1106 885
470 1024 580 1106 885
471 1000 560 1097 876
472 1000 560 1097 876
473 1000 549 1097 865
474 1000 547 1097 863
475 1000 545 1097 861
476 1000 542 1097 858
477 1000 540 1097 856
478 1000 537 1097 853
479 998 537 1095 853
480 996 537 1093 853
481 995 536 1092 852
482 995 534 1092 850
483 995 532 1092 848
484 995 528 1092 844
485 995 524 1092 840
486 995 517 1092 833
487 995 512 1092 828
488 995 507 1092 823
489 995 504 1092 820
490 995 502 1092 818
491 998 502 1095 818
492 1000 502 1097 818
493 1000 502 1097 813
494 1000 498 1097 809
495 1000 494 1097 805
496 1000 488 1097 799
497 1000 483 1097 794
498 1000 478 1097 789
499 1000 473 1097 784
500 1000 473 1097 784
501 1000 473 1097 784
502 1000 471 1097 782
503 1000 469 1097 780
504 1000 466 1097 777
505 1000 463 1097 774
506 1000 460 1097 771
507 1000 459 1100 770
508 1000 457 1100 768
509 1000 455 1100 766
510 1000 453 1100 764
511 1000 452 1100 763
512 1000 448 1100 759
513 1000 443 1100 754
514 1000 440 1100 751
515 1000 439 1100 746
516 1000 438 1100 745
517 1000 438 1100 745
518 1000 438 1100 745
519 1003 438 1097 741
520 1003 437 1097 737
521 1003 435 1097 735
522 1003 433 1097 733
523 1003 431 1097 731
524 1003 430 1097 715
525 1003 430 1097 715
526 1003 429 1097 714
527 1003 427 1097 712
528 1003 425 1097 710
529 1003 423 1097 708
530 1003 421 1097 706
531 1003 419 1097 704
532 1003 418 1097 703
533 1003 415 1097 700
534 1003 413 1097 698
535 1003 411 1097 696
536 1003 408 1097 693
537 1003 405 1097 690
538 1003 402 1097 687
539 1003 399 1097 684
540 1003 396 1097 681
541 1010 402 1098 679
542 1010 400 1098 677
543 1010 398 1098 675
544 1010 396 1098 673
545 1010 396 1098 673
546 1012 400 1095 665
547 1012 398 1095 663
548 1012 396 1095 661
549 1012 394 1095 659
550 1012 390 1095 655
551 1012 387 1095 652
552 1012 385 1095 650
553 1012 383 1095 648
554 1015 381 1098 646
555 1018 380 1101 645
556 1018 378 1101 643
557 1018 376 1101 641
558 1018 376 1101 641
559 1018 375 1101 640
560 1018 373 1101 638
561 1018 370 1101 635
562 1018 367 1101 632
563 1018 364 1101 629
564 1018 361 1101 626
565 1018 359 1101 624
566 1018 360 1101 625
567 1018 358 1101 623
568 1018 360 1101 625
569 1018 360 1101 625
570 1016 360 1099 625
571 1014 360 1097 625
572 1013 358 1096 623
573 1013 355 1096 620
574 1012 353 1095 604
575 1012 351 1095 602
576 1010 349 1093 600
577 1008 347 1091 598
578 1006 344 1089 595
579 1004 342 1087 593
580 1003 341 1086 592
581 1003 339 1086 590
582 1003 335 1086 586
583 1003 334 1085 580
584 1002 334 1084 580
585 1000 333 1082 579
586 998 330 1080 576
587 996 328 1078 574
588 993 326 1075 572
589 992 325 1070 571
590 991 323 1069 569
591 989 321 1067 567
592 986 318 1064 564
593 984 316 1062 562
594 981 313 1059 559
595 978 311 1056 557
596 975 308 1053 554
597 972 304 1050 550
598 971 304 1048 545
599 968 304 1045 545
600 964 304 1041 545
601 963 304 1037 543
602 960 303 1034 542
603 957 301 1031 540
604 954 299 1028 538
605 952 297 1026 536
606 951 296 1025 535
607 949 294 1023 533
608 946 292 1020 531
609 944 289 1018 528
610 942 288 1016 527
611 939 286 1013 525
612 937 284 1011 523
613 937 293 1007 522
614 935 291 1005 520
615 932 290 1002 519
616 930 288 1000 517
617 927 285 997 514
618 925 284 995 513
619 923 282 993 511
620 923 279 993 508
621 920 278 990 507
622 920 278 990 500
623 920 277 990 496
624 920 277 987 494
625 918 276 985 493
626 918 275 985 492
627 918 275 984 490
628 915 273 979 488
629 914 273 976 484
630 912 272 974 483
631 909 272 971 483
632 907 271 969 478
633 906 270 968 477
634 903 269 965 476
635 903 268 963 472
636 903 268 963 472
637 902 267 962 471
638 901 265 961 469
639 901 264 961 468
640 900 262 960 466
641 900 262 959 463
642 898 262 957 463
643 897 261 956 462
644 896 260 955 461
645 896 259 955 460
646 896 257 955 458
647 895 255 954 456
648 897 255 956 456
649 897 253 956 450
650 896 252 955 449
651 896 250 955 447
652 894 249 953 446
653 893 249 952 443
654 891 249 950 443
655 890 249 949 443
656 889 249 948 443
657 888 249 947 443
658 889 249 948 443
659 889 249 948 443
660 890 248 946 438
661 888 247 944 437
662 886 246 942 436
663 888 244 944 434
664 886 242 942 432
665 884 241 940 431
666 885 241 941 431
667 886 241 939 429
668 886 242 939 430
669 885 241 938 429
670 885 240 938 428
671 883 238 936 426
672 881 237 934 425
673 880 235 933 423
674 879 233 932 421
675 878 231 931 419
676 875 229 928 417
677 874 228 927 416
678 872 227 925 415
679 871 226 924 414
680 871 224 924 412
681 870 224 923 412
682 869 223 922 411
683 867 223 920 411
684 866 223 919 411
685 865 220 918 408
686 865 220 918 406
687 863 220 916 406
688 861 220 914 406
689 861 218 914 403
690 859 218 912 403
691 856 218 909 403
692 853 218 906 403
693 852 218 905 403
694 850 218 903 403
695 850 214 903 399
696 848 213 901 398
697 845 212 898 397
698 842 212 895 397
699 841 211 894 396
700 839 209 892 394
701 837 208 890 393
702 834 207 887 392
703 832 207 885 392
704 829 207 882 392
705 827 207 880 392
706 825 207 878 392
707 823 207 876 392
708 821 207 874 392
709 820 207 873 392
710 817 206 870 391
711 814 204 867 389
712 811 204 864 389
713 808 204 861 389
714 805 204 858 389
715 802 204 855 389
716 800 204 853 389
717 800 204 853 389
718 798 204 851 389
719 796 204 849 389
720 793 204 846 389
721 790 204 843 389
722 790 201 843 386
723 787 199 840 384
724 785 196 838 381
725 782 193 835 378
726 779 191 832 376
727 777 190 830 375
728 775 190 828 375
729 773 190 826 375
730 771 190 824 375
731 770 191 823 376
732 768 191 821 376
733 762 191 815 376
734 759 191 812 376
735 756 191 809 376
736 752 189 805 374
737 750 187 803 372
738 748 185 801 370
739 746 183 799 368
740 743 182 796 367
741 740 182 793 367
742 738 182 791 367
743 738 188 789 362
744 735 188 786 362
745 731 188 782 362
746 728 188 779 362
747 724 185 775 359
748 720 184 771 358
749 717 184 768 358
750 714 184 760 358
751 707 183 753 357
752 704 183 750 357
753 701 183 747 357
754 698 183 744 357
755 691 183 737 357
756 687 183 733 357
757 682 183 728 357
758 678 183 724 357
759 675 183 721 357
760 672 183 718 357
761 667 181 710 354
762 664 181 707 354
763 661 181 704 354
764 659 181 702 354
765 659 181 691 354
766 656 181 688 354
767 654 181 686 354
768 653 181 685 354
769 651 181 683 354
