442
0 469 168 506 268
1 468 168 505 268
2 468 168 505 268
3 469 168 506 268
4 469 168 506 268
5 469 168 506 268
6 469 168 506 268
7 470 168 507 268
8 470 168 507 268
9 470 168 507 268
10 470 168 507 268
11 470 168 507 268
12 469 168 506 268
13 468 168 505 268
14 467 168 504 268
15 466 168 503 268
16 466 168 503 268
17 465 168 502 268
18 463 168 500 268
19 461 168 498 268
20 459 168 496 268
21 458 168 495 268
22 458 168 495 268
23 458 168 495 268
24 458 168 495 268
25 458 168 495 268
26 456 168 493 268
27 456 168 493 268
28 453 161 495 276
29 452 161 494 276
30 452 161 494 276
31 452 161 494 276
32 452 161 494 276
33 452 161 494 276
34 449 160 491 275
35 446 159 488 274
36 445 159 487 274
37 441 155 496 281
38 441 155 496 281
39 441 155 496 281
40 441 155 496 281
41 441 155 496 281
42 440 153 495 279
43 440 150 495 276
44 439 148 494 274
45 440 147 496 288
46 438 150 494 291
47 437 148 493 289
48 440 145 495 299
49 438 145 493 299
50 434 145 489 299
51 433 143 490 298
52 430 141 489 298
53 428 141 487 298
54 427 141 486 298
55 426 141 485 298
56 425 141 484 298
57 424 141 483 298
58 424 138 489 303
59 424 138 489 303
60 424 128 491 309
61 424 128 491 309
62 424 128 491 309
63 420 125 487 312
64 420 125 487 312
65 420 125 487 312
66 420 125 487 312
67 414 120 487 320
68 414 120 487 320
69 409 120 482 320
70 404 120 477 320
71 404 105 483 327
72 400 105 479 327
73 398 105 477 327
74 397 105 476 327
75 394 98 482 342
76 394 98 482 342
77 393 94 482 345
78 391 89 480 345
79 391 89 480 345
80 389 86 478 345
81 389 86 478 345
82 383 80 477 348
83 383 80 477 348
84 380 73 476 364
85 368 70 474 373
86 364 70 470 373
87 355 61 468 373
88 355 58 468 370
89 355 53 468 372
90 355 53 468 372
91 355 48 468 375
92 355 48 468 375
93 355 48 468 375
94 355 48 468 375
95 348 32 478 374
96 348 32 478 374
97 348 27 483 369
98 348 27 483 369
99 348 24 483 366
100 348 24 483 366
101 348 24 483 366
102 348 24 483 366
103 348 20 483 362
104 348 20 483 362
105 339 17 474 359
106 339 17 474 359
107 339 17 474 359
108 219 132 287 302
109 218 132 286 302
110 218 132 286 302
111 218 132 286 302
112 218 132 286 302
113 218 132 286 302
114 218 132 286 302
115 218 132 286 302
116 218 132 286 302
117 218 132 286 302
118 218 132 286 302
119 223 132 291 302
120 224 132 292 302
121 225 132 293 302
122 226 132 294 302
123 227 132 295 302
124 233 132 301 302
125 235 132 303 302
126 238 132 306 302
127 241 132 309 302
128 246 131 314 303
129 247 131 315 303
130 251 130 319 302
131 257 128 325 300
132 256 128 328 308
133 257 128 333 308
134 256 126 340 313
135 263 126 347 313
136 269 126 353 313
137 267 125 353 318
138 272 125 358 318
139 278 121 364 316
140 284 119 370 316
141 288 118 374 317
142 295 115 381 319
143 300 115 386 319
144 307 115 393 319
145 314 115 400 319
146 320 115 406 319
147 328 115 414 319
148 332 115 418 319
149 340 107 421 328
150 349 107 430 328
151 351 102 440 329
152 360 102 449 329
153 369 102 471 333
154 378 96 480 330
155 390 94 483 334
156 401 91 494 334
157 414 85 507 335
158 424 85 517 335
159 446 85 539 335
160 456 82 556 339
161 468 82 568 339
162 474 79 574 344
163 484 79 584 344
164 494 79 594 344
165 503 71 603 347
166 515 69 615 352
167 522 69 622 352
168 533 69 637 352
169 538 66 642 352
170 547 66 651 352
171 429 167 475 268
172 430 167 476 268
173 431 166 477 267
174 430 166 476 267
175 430 166 476 267
176 430 166 476 267
177 430 166 476 267
178 430 166 476 267
179 430 166 476 267
180 429 166 475 267
181 428 166 474 267
182 426 166 472 267
183 426 166 472 267
184 425 166 471 267
185 423 166 469 267
186 424 166 470 267
187 421 162 467 266
188 421 162 467 266
189 419 162 465 266
190 417 162 463 266
191 417 162 463 266
192 416 162 462 266
193 416 162 462 275
194 415 162 461 275
195 412 159 458 277
196 411 157 457 278
197 407 155 455 278
198 405 154 456 279
199 403 154 454 279
200 402 154 453 279
201 400 154 451 279
202 397 152 448 283
203 394 152 445 283
204 394 152 445 283
205 391 147 442 285
206 391 147 442 285
207 387 146 441 284
208 386 145 440 283
209 382 145 436 283
210 382 144 436 289
211 375 139 439 300
212 372 136 436 297
213 369 133 438 300
214 366 133 435 300
215 365 133 434 300
216 363 131 432 298
217 361 129 430 296
218 360 128 429 295
219 360 127 429 294
220 356 117 428 317
221 353 117 425 317
222 350 117 422 317
223 338 103 429 319
224 338 103 429 319
225 336 103 427 319
226 334 103 425 330
227 334 103 425 330
228 334 103 425 330
229 334 103 425 330
230 334 93 425 343
231 331 90 422 340
232 331 86 422 336
233 331 83 422 333
234 331 80 422 330
235 325 76 426 356
236 325 76 426 356
237 325 76 426 356
238 325 76 426 356
239 322 65 427 373
240 322 65 427 373
241 309 60 419 374
242 309 53 419 374
243 309 53 419 374
244 309 49 419 370
245 309 45 419 366
246 293 40 417 376
247 293 34 417 376
248 293 34 421 376
249 297 27 425 369
250 302 19 435 373
251 302 19 435 373
252 302 15 435 369
253 302 12 435 366
254 298 145 346 285
255 298 145 346 285
256 298 145 346 285
257 298 145 346 285
258 300 145 348 285
259 300 145 348 285
260 304 145 352 285
261 305 145 353 285
262 306 145 354 285
263 307 145 355 285
264 310 145 358 285
265 311 145 359 285
266 312 145 360 285
267 314 145 362 285
268 323 145 371 285
269 326 145 374 285
270 327 145 375 285
271 328 145 376 285
272 329 145 377 285
273 343 145 391 285
274 347 145 399 285
275 351 145 403 285
276 359 145 411 285
277 369 143 421 283
278 378 141 430 281
279 389 138 444 286
280 390 137 448 295
281 396 137 454 295
282 403 137 461 295
283 406 137 464 295
284 412 136 470 294
285 421 134 479 292
286 425 134 483 292
287 432 133 490 291
288 439 133 497 291
289 450 128 509 295
290 460 127 521 296
291 469 127 530 296
292 480 127 541 296
293 484 127 545 296
294 492 123 553 297
295 498 119 559 300
296 507 117 568 298
297 523 114 585 302
298 533 114 595 302
299 539 114 601 302
300 545 114 607 302
301 552 114 614 302
302 568 111 630 299
303 576 110 638 298
304 586 107 648 295
305 593 105 655 294
306 602 104 664 296
307 609 104 671 296
308 612 104 672 296
309 618 104 672 296
310 618 104 672 296
322 435 168 474 265
323 435 168 474 265
324 435 168 474 265
325 435 168 474 265
326 435 168 474 265
327 435 168 474 265
328 435 168 474 265
329 435 168 474 265
330 434 168 473 265
331 433 168 472 265
332 433 168 472 265
333 432 167 471 264
334 431 167 470 264
335 429 167 468 264
336 427 167 466 264
337 427 164 466 261
338 428 164 467 270
339 428 164 467 270
340 428 164 467 270
341 427 160 466 266
342 427 160 466 266
343 427 160 466 266
344 427 157 466 263
345 427 157 466 263
346 427 157 466 263
347 423 157 462 263
348 423 157 462 263
349 423 157 462 263
350 419 157 458 263
351 419 157 458 263
352 419 153 458 259
353 419 153 458 259
354 413 151 460 279
355 413 149 460 277
356 413 148 460 276
357 413 148 460 276
358 411 144 458 272
359 411 144 458 272
360 411 144 458 272
361 407 137 462 290
362 405 137 460 290
363 402 137 457 290
364 403 137 458 290
365 400 137 455 290
366 399 131 459 298
367 396 130 456 297
368 392 127 452 294
369 390 125 450 292
370 389 124 449 291
371 387 123 447 290
372 386 122 446 289
373 386 122 446 289
374 387 122 447 289
375 385 115 455 321
376 385 111 455 317
377 385 111 455 317
378 385 111 455 317
379 383 106 455 318
380 383 106 455 318
381 381 106 453 318
382 379 106 451 318
383 378 106 450 318
384 377 106 449 318
385 372 101 449 326
386 372 101 449 326
387 367 98 444 323
388 365 95 442 320
389 365 95 442 320
390 365 94 442 319
391 365 94 442 319
392 365 94 442 319
393 365 94 442 319
394 365 94 442 319
395 365 93 442 318
396 364 93 441 318
397 364 93 441 318
398 364 93 441 318
399 284 142 334 286
400 284 142 334 286
401 284 142 334 286
402 287 142 337 286
403 291 142 341 286
404 297 142 347 286
405 301 142 351 286
406 304 142 354 286
407 304 142 354 286
408 307 142 357 286
409 313 142 363 286
410 319 142 369 286
411 327 142 377 286
412 333 142 383 286
413 330 142 383 286
414 340 142 393 286
415 344 142 397 286
416 358 142 411 286
417 365 141 418 285
418 374 138 427 286
419 382 138 435 286
420 383 138 436 286
421 395 138 448 286
422 402 138 455 286
423 409 138 455 286
424 412 138 458 286
425 424 137 470 285
426 433 137 479 285
427 439 137 485 285
428 440 137 486 285
429 450 137 496 285
430 458 137 504 285
431 465 137 511 285
432 472 137 518 285
433 479 137 525 285
434 487 134 533 286
435 491 134 537 286
436 503 134 549 286
437 509 134 559 286
438 517 134 567 286
439 523 134 573 286
440 527 134 577 286
441 534 134 584 286
