626
18 438 114 467 225
19 440 115 469 226
20 442 115 471 226
21 444 115 473 226
22 446 115 475 226
23 448 115 477 226
24 451 115 480 226
25 456 115 485 226
26 457 116 486 227
27 462 116 491 227
28 464 117 493 228
29 467 117 496 228
30 471 117 500 228
31 473 117 502 228
32 476 117 505 228
33 479 117 511 228
34 482 117 514 228
35 486 117 518 228
36 489 117 521 228
37 494 117 526 228
38 497 117 529 228
39 500 117 532 228
40 502 117 534 228
41 505 117 538 228
42 506 120 539 234
43 508 120 541 234
44 511 120 544 234
45 514 120 547 234
46 517 120 550 234
47 519 120 552 234
48 521 120 554 234
49 524 120 557 234
50 526 120 560 234
51 528 120 562 234
52 530 120 564 234
53 532 121 566 235
54 536 124 571 240
55 538 124 573 240
56 540 124 575 240
57 543 125 578 241
58 545 126 580 242
59 547 127 582 243
60 548 127 583 243
61 550 127 585 243
62 551 127 586 243
63 554 127 589 243
64 556 127 591 247
65 558 127 593 247
66 561 127 596 247
67 562 129 597 249
68 564 129 599 249
69 566 129 601 249
70 568 129 603 249
71 570 129 605 249
72 572 129 607 249
73 574 129 609 249
74 577 130 613 253
75 580 130 617 253
76 582 130 619 253
77 584 130 621 253
78 586 132 623 255
79 588 132 625 255
80 591 132 628 255
81 597 133 634 256
82 598 134 635 257
83 599 135 636 258
84 601 135 638 258
85 603 135 640 258
86 605 135 642 258
87 607 135 644 258
88 609 135 646 258
89 609 135 646 258
90 612 136 649 259
91 613 137 650 260
92 615 138 652 261
93 617 138 654 261
94 619 141 658 264
95 620 141 659 264
96 621 141 660 264
97 623 141 662 264
98 623 142 662 265
99 625 142 664 265
100 626 142 665 265
101 629 143 668 266
103 630 143 669 268
104 631 143 670 268
105 635 145 674 270
106 638 147 677 272
107 639 149 678 274
108 639 151 678 276
109 641 152 680 277
110 638 152 680 277
111 640 152 682 277
112 642 152 684 277
113 643 152 685 277
114 644 153 686 278
115 644 153 686 278
116 646 154 688 279
117 647 158 689 283
118 647 159 689 284
119 648 159 690 284
120 648 160 690 285
121 651 162 693 287
122 653 162 695 287
123 654 162 696 287
124 653 162 695 287
125 653 164 695 289
126 653 164 695 289
127 653 165 695 290
128 654 165 696 290
129 655 165 697 290
130 655 166 697 296
131 655 167 697 297
132 655 169 697 299
133 655 170 697 300
134 657 171 699 301
135 660 171 702 301
136 661 173 703 303
137 664 173 706 303
138 665 174 707 304
139 667 174 709 304
140 666 175 708 305
141 667 176 709 306
142 667 179 709 309
143 667 181 709 311
144 667 181 709 311
145 670 182 713 315
146 671 184 714 317
147 672 184 715 317
148 672 184 715 317
149 672 184 715 317
150 674 186 717 319
151 674 187 717 320
152 677 188 720 321
153 679 190 722 323
154 680 192 723 325
155 682 192 725 325
156 682 192 725 325
157 683 193 726 326
158 683 195 726 328
159 683 195 726 328
160 684 196 727 329
161 682 198 725 331
162 683 199 726 332
163 683 200 726 333
164 683 202 726 335
165 683 204 726 337
166 682 204 725 337
167 682 204 725 337
168 682 204 725 337
169 682 204 725 337
170 683 207 726 340
171 683 210 726 343
172 683 212 726 345
173 684 214 727 347
174 684 215 727 348
175 684 215 727 348
176 684 213 727 346
177 684 213 727 346
178 684 215 727 348
179 684 211 727 354
180 684 213 727 356
181 684 215 727 358
182 680 220 726 363
183 680 221 726 364
184 676 218 724 366
185 676 219 724 367
186 676 219 724 367
187 675 219 723 367
188 673 220 721 368
189 673 220 721 368
190 672 222 720 370
191 671 223 719 371
192 670 224 718 372
193 670 225 718 373
194 670 226 718 374
195 670 228 718 376
196 669 230 717 378
197 669 231 717 379
198 668 231 716 379
199 668 233 716 381
200 668 234 716 382
201 668 235 716 383
202 668 236 716 384
203 668 239 716 387
204 668 241 716 389
205 668 243 716 391
206 668 245 716 393
207 668 247 716 395
208 668 249 716 397
209 665 242 714 395
210 665 243 714 396
211 665 244 714 397
212 665 245 714 398
213 665 246 714 399
214 665 247 714 400
215 665 248 714 401
216 665 249 714 402
217 665 250 714 403
218 666 250 718 414
219 666 251 718 415
220 666 253 718 417
221 666 254 718 418
222 666 255 718 419
223 666 256 718 420
224 666 257 718 421
225 666 258 718 422
226 666 259 718 423
227 666 260 718 424
228 666 262 718 426
229 666 267 718 431
230 666 269 718 433
231 666 270 718 434
232 667 266 722 432
233 667 266 722 432
234 667 267 722 433
235 666 269 721 435
236 666 272 721 438
237 666 275 721 441
238 666 277 721 443
239 666 279 721 445
240 666 281 721 447
241 666 283 721 449
242 666 284 721 450
243 662 281 720 453
244 662 283 720 455
245 660 285 718 457
246 660 286 718 458
247 660 288 718 460
248 660 290 718 462
249 658 293 716 465
250 658 296 716 468
251 658 297 716 469
252 655 285 712 470
253 655 287 712 472
254 655 289 712 474
255 655 289 712 474
256 655 291 712 476
257 655 293 712 478
258 655 295 712 480
259 655 299 712 484
260 655 302 712 487
261 655 304 712 489
262 655 305 712 490
263 656 307 717 492
264 655 307 716 492
265 655 308 716 493
266 655 308 716 493
267 655 309 716 494
268 655 312 716 497
269 655 315 716 500
270 655 318 716 503
271 655 321 716 506
272 655 323 716 508
273 655 324 716 509
274 655 325 716 510
275 655 326 716 511
276 652 326 713 511
277 652 327 713 512
278 652 328 713 513
279 650 331 712 516
280 650 333 712 518
281 650 334 712 519
282 650 336 712 521
283 648 337 710 522
284 648 338 710 523
285 648 339 710 524
286 648 341 710 526
287 648 343 710 528
288 648 345 710 530
289 648 347 710 532
290 644 347 706 535
291 644 347 706 535
292 644 350 706 538
293 644 353 706 541
294 644 356 706 544
295 644 358 706 546
296 644 358 706 546
297 644 358 706 546
298 644 358 706 546
299 644 358 706 546
300 644 358 706 551
301 644 360 706 553
302 644 362 706 555
303 644 364 706 557
304 644 366 706 559
305 644 368 706 561
306 644 371 706 564
307 644 373 706 566
308 644 375 706 568
309 644 376 706 569
310 644 377 706 570
311 644 378 706 571
312 644 379 706 572
313 644 380 706 573
314 644 381 706 574
315 644 383 706 576
317 641 383 703 576
318 639 383 701 576
319 639 381 701 577
320 639 382 701 578
321 639 382 701 578
322 639 381 701 577
323 639 381 701 577
324 640 381 702 577
325 641 381 703 577
326 643 381 705 577
327 644 381 706 577
328 645 381 711 583
329 647 382 713 584
330 651 382 717 584
331 654 384 720 586
332 656 385 722 587
333 659 385 725 587
334 661 386 727 588
335 663 386 729 588
336 665 386 731 588
337 668 386 734 588
338 669 386 735 588
339 671 387 737 589
340 672 388 738 590
341 668 388 738 590
342 669 389 739 591
343 670 389 742 591
344 671 389 746 594
345 673 389 748 594
346 673 399 754 595
347 675 399 756 595
348 677 399 758 595
349 679 399 760 595
350 682 399 763 595
351 685 399 766 595
352 685 399 769 595
353 687 399 771 595
354 689 417 778 601
355 691 417 780 601
356 693 417 782 601
357 695 417 784 601
358 697 417 786 601
359 699 417 788 601
360 701 417 790 601
361 701 417 790 601
362 701 417 790 601
363 698 417 787 601
364 696 417 785 601
365 694 417 783 601
366 693 417 782 601
367 691 417 780 601
368 689 417 778 601
369 687 417 776 601
370 685 417 774 601
371 678 412 767 596
372 678 411 767 595
373 678 409 767 593
374 678 407 767 591
375 678 404 767 588
376 678 401 767 585
377 678 399 745 583
378 676 395 743 579
379 674 390 741 577
380 673 390 740 577
381 672 388 739 575
382 672 386 739 573
383 672 385 739 572
384 672 378 739 565
385 670 377 737 564
386 668 376 735 563
387 667 376 734 563
388 665 374 732 561
389 663 372 730 559
390 661 369 728 556
391 661 366 728 553
392 661 363 728 550
393 661 360 728 547
394 661 358 728 545
395 664 357 731 544
396 666 356 733 543
397 667 354 734 541
398 667 352 734 539
399 667 351 734 533
400 667 349 734 531
401 667 347 734 529
402 667 345 734 527
403 667 343 734 525
404 667 341 734 523
405 667 339 734 521
406 667 337 734 519
407 667 335 734 517
408 667 332 734 514
409 667 329 734 511
410 667 326 734 508
411 667 323 734 505
412 667 320 734 502
413 667 317 734 499
414 667 314 734 496
415 667 311 734 493
416 667 309 734 491
417 667 309 734 488
418 667 307 734 486
419 667 304 734 483
420 667 303 734 482
421 667 301 734 480
422 667 300 734 479
423 667 299 734 478
424 667 298 734 477
425 667 297 734 476
426 667 294 734 473
427 667 293 734 472
428 667 292 734 471
429 667 291 734 470
430 667 288 734 467
431 667 281 734 454
432 667 279 734 452
433 667 276 734 449
435 667 276 734 449
436 667 273 734 446
437 667 273 734 446
438 667 271 734 444
439 669 270 736 443
440 671 269 738 442
441 671 266 738 439
442 671 262 738 435
443 671 258 738 431
444 671 255 738 428
445 671 253 738 426
446 671 252 738 425
447 671 251 738 424
448 671 252 738 425
449 671 252 738 423
450 671 251 738 422
451 672 251 739 422
452 674 250 741 421
453 675 249 742 420
454 675 247 742 418
455 675 245 742 416
456 675 244 742 415
457 675 243 742 414
458 675 242 739 411
459 675 240 739 409
460 675 240 739 409
461 675 238 739 407
462 671 238 732 407
463 671 236 732 405
464 671 234 732 403
465 668 234 729 403
466 668 232 729 401
467 668 230 729 399
468 668 228 729 397
469 666 228 727 397
470 664 226 725 395
471 662 223 723 388
472 662 223 723 388
473 661 222 722 387
474 660 221 721 386
475 656 218 717 383
476 653 216 714 381
477 651 213 712 378
478 648 211 709 376
479 646 210 707 375
480 644 208 705 373
481 642 206 703 371
482 640 204 701 369
483 638 201 699 366
484 636 198 697 363
485 638 198 697 363
486 636 198 695 363
487 634 198 693 363
488 632 198 691 363
489 630 198 689 363
490 627 198 686 363
491 626 197 685 362
492 624 196 683 361
493 621 195 680 360
494 619 193 678 358
495 617 191 676 356
496 617 191 674 352
497 615 190 672 351
498 613 187 670 348
499 611 185 668 346
500 609 183 666 344
501 607 181 664 342
502 606 179 663 340
503 605 178 662 339
504 605 177 662 338
505 605 176 662 337
506 605 175 662 336
507 603 176 653 325
508 601 176 651 325
509 599 176 649 325
510 598 175 648 324
511 597 175 647 324
512 597 173 647 322
513 597 171 647 320
514 597 169 647 318
515 596 169 646 318
516 595 169 645 318
517 594 169 644 318
518 594 168 644 317
519 594 167 644 316
520 594 166 644 315
521 594 165 644 314
522 594 164 644 313
523 594 166 644 307
524 593 166 641 303
525 593 165 641 302
526 593 164 641 301
527 593 162 641 299
528 593 161 641 298
529 592 161 640 298
530 591 161 639 298
531 591 161 639 294
532 590 161 636 292
533 589 160 635 291
534 589 159 635 290
535 589 158 635 289
536 589 157 635 288
537 589 156 635 287
538 589 155 635 286
539 589 154 635 285
540 589 153 635 284
541 589 152 635 283
542 589 151 635 282
543 589 151 632 279
544 588 151 631 279
545 587 151 630 279
546 585 151 628 279
547 583 151 626 279
548 581 151 624 279
549 579 151 622 279
550 578 151 619 274
551 576 151 617 274
552 575 151 616 274
553 575 151 615 272
554 573 151 613 272
555 571 151 611 272
556 569 151 609 272
557 567 151 607 272
558 565 151 605 272
559 565 150 605 271
560 565 148 605 269
561 563 148 603 269
562 561 147 601 268
563 559 146 599 267
564 557 145 597 266
565 555 144 595 265
566 554 142 594 263
567 552 142 592 263
568 549 142 589 263
569 547 142 587 263
570 545 142 585 263
571 543 140 583 261
572 540 139 580 260
573 538 139 578 260
574 536 139 576 260
575 534 139 574 260
576 533 139 573 260
577 531 139 571 260
578 531 139 568 254
579 529 139 566 254
580 528 136 565 251
581 525 136 562 251
582 522 136 559 251
583 521 134 558 249
584 517 133 554 248
585 516 132 553 247
586 514 131 551 246
587 512 131 549 246
588 508 131 545 246
589 505 131 542 246
590 504 127 541 242
591 501 126 538 241
592 499 125 536 240
593 497 124 534 239
594 495 124 532 239
595 492 124 529 239
596 489 124 526 239
597 487 124 524 239
598 485 124 522 239
599 482 124 519 239
600 479 124 516 239
601 476 124 513 239
602 473 124 509 236
603 471 124 507 236
604 468 124 504 236
605 466 124 499 236
606 463 124 496 236
607 461 124 494 236
608 455 124 488 236
609 451 124 484 236
610 450 124 483 236
611 445 124 478 236
612 441 124 471 231
613 440 124 470 231
614 438 124 468 231
615 435 124 465 231
616 433 124 455 231
617 433 124 455 231
